200 0.844068504374545 0.0 0.005148196808528502
201 0.8440857680346444 0.0 0.006276728037455572
202 0.84428201819833 0.0 0.0073883946292062665
203 0.8446395967482169 0.0 0.00845927039889922
204 0.8451392180206122 0.0 0.00947192066423553
205 0.845755455762238 0.0 0.010418330900869726
206 0.8464730017613914 0.0 0.01129049148935771
207 0.8472786943462203 0.0 0.01208203832003647
208 0.8481590478273794 0.0 0.012789701985943158
209 0.8491018148595829 0.0 0.013411898407141683
210 0.8500944834481897 0.0 0.013951072008261834
211 0.8511258301540225 0.0 0.014412113177575164
212 0.8521866914810475 0.0 0.014800592647079999
213 0.8532697614475873 0.0 0.015122138660613373
214 0.8543690928920322 0.0 0.015382871950676582
215 0.8554799416254749 0.0 0.015589253967097868
216 0.856598741079454 0.0 0.015747075355220973
217 0.8577229523027982 0.0 0.01586020310770236
218 0.858850549477068 0.0 0.015932314906388138
219 0.8599799233053027 0.0 0.01596715782323772
220 0.8611098428797436 0.0 0.01596847410506645
221 0.8622394031836718 0.0 0.0159396983174421
222 0.8633679126035656 0.0 0.015883047837230272
223 0.8644948210723621 0.0 0.015800413181468142
224 0.8656197070588472 0.0 0.015693688366600202
225 0.8667422507306684 0.0 0.015564614775751644
226 0.8678621935181626 0.0 0.015414625125186928
227 0.8689793492455019 0.0 0.015245106558291994
228 0.8700936006461052 0.0 0.015057432976723375
229 0.8712048746776262 0.0 0.014852858899589236
230 0.8723130864595372 0.0 0.014632292897192489
231 0.87341817481194 0.0 0.014396571946134747
232 0.8745201117191801 0.0 0.01414652828432791
233 0.875618898617227 0.0 0.013882983325206984
234 0.8767145398138156 0.0 0.013606649674193446
235 0.8778070361403394 0.0 0.013318131436086882
236 0.8788964062346374 0.0 0.01301802298126389
237 0.8799826861055732 0.0 0.012706912984399573
238 0.881065927561938 0.0 0.01238537778214428
239 0.88214615407844 0.0 0.012053861500793104
240 0.8832233679629652 0.0 0.011712678744610457
241 0.8842975736095372 0.0 0.011362138962797159
242 0.8853687841267692 0.0 0.011002549745520427
243 0.8864370199169667 0.0 0.010634216859722389
244 0.8875023083603547 0.0 0.010257443994189864
245 0.888564683477262 0.0 0.009872532554760092
246 0.8896241855912493 0.0 0.009479781501395512
247 0.8906808610347887 0.0 0.009079487210035615
248 0.8917347618440166 0.0 0.008671943376624427
249 0.8927859446976428 0.0 0.008257439027774274
250 0.8938344471641726 0.0 0.007836200351290405
251 0.8948802799200868 0.0 0.007408382317250873
252 0.8959234631907167 0.0 0.00697413166375448
253 0.8969640070303212 0.0 0.006533599649089995
254 0.8980019324617503 0.0 0.0060869332269636554
255 0.8990372604707106 0.0 0.0056342795040824865
256 0.9000700152902192 0.0 0.005175784266369315
257 0.9011002224504899 0.0 0.004711592751288136
258 0.9021279099402147 0.0 0.004241849069149598
259 0.9031531078213424 0.0 0.0037666963043093
260 0.9041758481522683 0.0 0.003286276489404355
261 0.9051961654728693 0.0 0.0028007303139147115
262 0.9062140900680307 0.0 0.0023101848880701416
263 0.9072296283720946 0.0 0.0018147277836330633
264 0.9082427946098847 0.0 0.0013144323535719885
265 0.9092535957933602 0.0 0.0008093755510582314
266 0.9102620420632412 0.0 0.00029963288150029396
267 0.9112681444793942 0.0 -0.00021472055439136079
268 0.9122719148860592 0.0 -0.0007336100182403875
269 0.913273366334208 0.0 -0.0012569613790883727
270 0.9142725123878175 0.0 -0.0017847007793620508
271 0.915269367546987 0.0 -0.0023167548760656374
272 0.9162639471146278 0.0 -0.0028530507938415543
273 0.9172562671742329 0.0 -0.0033935161337071626
274 0.9182463444646456 0.0 -0.003938078923439784
275 0.9192341959264853 0.0 -0.004486670375116377
276 0.9202198278505201 0.0 -0.005039237919301803
277 0.9212032451688934 0.0 -0.005595738077293112
278 0.9221844518433521 0.0 -0.0061561268171118864
279 0.923163452596926 0.0 -0.006720360484855758
280 0.9241402525812139 0.0 -0.007288395630768142
281 0.9251148573676533 0.0 -0.007860189015671733
282 0.9260872728593584 0.0 -0.008435697569770952
283 0.927057505599831 0.0 -0.009014878586534955
284 0.9280255622884396 0.0 -0.009597689446295918
285 0.9289914500878674 0.0 -0.010184087807729633
286 0.9299551765372475 0.0 -0.010774031566181763
287 0.9309167495437112 0.0 -0.011367478857799426
288 0.931876177374215 0.0 -0.01196438806343271
289 0.9328334686471856 0.0 -0.01256471781202855
290 0.9337886342163445 0.0 -0.01316842823369388
291 0.9347416729209056 0.0 -0.013775482210828062
292 0.9356925848681293 0.0 -0.014385866434926373
293 0.9366413611946575 0.0 -0.01499956499305908
294 0.9375879950329115 0.0 -0.015616563226339855
295 0.9385324795955831 0.0 -0.01623684651643651
296 0.9394748081742829 0.0 -0.01686040028659991
297 0.9404149741381994 0.0 -0.01748721000267227
298 0.9413529709327237 0.0 -0.018117261174045142
299 0.9422887920781213 0.0 -0.018750539354620774
300 0.9432224311417776 0.0 -0.019387030125663715
301 0.9441538846335211 0.0 -0.020026721092674206
302 0.9450831399883943 0.0 -0.02066959361563474
303 0.9460101949600358 0.0 -0.021315636143385237
304 0.9469350433114525 0.0 -0.02196483439418636
305 0.9478576788056529 0.0 -0.022617174086298774
306 0.9487780952056446 0.0 -0.023272640937983157
307 0.9496962862744355 0.0 -0.023931220667500152
308 0.9506122457750334 0.0 -0.02459289899311048
309 0.9515259678814658 0.0 -0.025257661968128245
310 0.9524374453826042 0.0 -0.025925499211139083
311 0.9533466696165241 0.0 -0.02659640837603995
312 0.954253622349738 0.0 -0.027270381118020645
313 0.9551582926606268 0.0 -0.0279474144577647
314 0.9560606677117446 0.0 -0.028627503994396255
315 0.9569607346393301 0.0 -0.02931064529392594
316 0.9578584805509827 0.0 -0.02999683388655663
317 0.9587538925275183 0.0 -0.03068606526711902
318 0.9596469581925603 0.0 -0.031378335398717205
319 0.9605376588420161 0.0 -0.03207364333438037
320 0.961425971515479 0.0 -0.03277200074034961
321 0.9623118697306802 0.0 -0.03347341845361867
322 0.9631953273846856 0.0 -0.034177907639730706
323 0.9640763181536837 0.0 -0.03488547932066778
324 0.9649548154998926 0.0 -0.03559614437505574
325 0.9658307926627646 0.0 -0.0363099135255676
326 0.9667042226661964 0.0 -0.03702679733900157
327 0.9675750866170637 0.0 -0.03774679620577304
328 0.9684434382918883 0.0 -0.038469823080048274
329 0.9693093700277369 0.0 -0.039195746506955634
330 0.9701729757431329 0.0 -0.039924435642751624
331 0.9710343504986907 0.0 -0.04065576056676454
332 0.971893590651206 0.0 -0.04138959244700361
333 0.9727507934514132 0.0 -0.04212580322734033
334 0.9736060572027471 0.0 -0.04286426578520997
335 0.9744594809070304 0.0 -0.043604853643951974
336 0.9753111549627322 0.0 -0.04434745392355345
337 0.9761611243236749 0.0 -0.04509200430430088
338 0.9770094232932721 0.0 -0.045838457294650324
339 0.977856086238906 0.0 -0.046586765445684714
340 0.978701147807137 0.0 -0.04733688154413891
341 0.9795446429672988 0.0 -0.04808875865711496
342 0.9803866069221732 0.0 -0.04884235005821834
343 0.9812270751515345 0.0 -0.04959760927105061
344 0.9820660858584611 0.0 -0.050354492285027155
345 0.9829036676412912 0.0 -0.05111294641670926
346 0.9837398639187029 0.0 -0.05187293120256718
347 0.9845747107134072 0.0 -0.052634395568412956
348 0.9854082537959161 0.0 -0.053397296507327996
349 0.9862405254880333 0.0 -0.05416157870438383
350 0.9870715687038939 0.0 -0.05492719651886993
351 0.9879014237859522 0.0 -0.055694101957675074
352 0.9887301313627342 0.0 -0.05646224729082025
353 0.989557732196566 0.0 -0.0572315849137324
354 0.9903842672699585 0.0 -0.058002067429562654
355 0.9912097764472237 0.0 -0.058773646399157484
356 0.9920343047879095 0.0 -0.05954627815577675
357 0.9928578998036242 0.0 -0.06031989878898178
358 0.993680647378413 0.0 -0.0610944288331256
359 0.9945026239335683 0.0 -0.06186977274338942
360 0.9953239146003316 0.0 -0.06264584316295017
361 0.9961446025335315 0.0 -0.0634225508758306
362 0.9969647712078162 0.0 -0.06419980696924259
363 0.9977845041605413 0.0 -0.06497752259154588
364 0.9986038829286017 0.0 -0.06575560699237272
365 0.9994229979972289 0.0 -0.06653397792550271
366 1.000241908616323 0.0 -0.06731256367360756
367 1.001060602358844 0.0 -0.06809136875955935
368 1.0018790613766706 0.0 -0.06887042495513766
369 1.0026972590147074 0.0 -0.0696497556567703
370 1.003515170809583 0.0 -0.07042938634533247
371 1.0043327722615634 0.0 -0.07120934246708363
372 1.0051500388652956 0.0 -0.07198964946285417
373 1.0059669488696574 0.0 -0.07277033540671254
374 1.0067834709151666 0.0 -0.07355141918720641
375 1.0075995844682022 0.0 -0.07433293003785504
376 1.008415265101928 0.0 -0.0751148934733487
377 1.0092304900213103 0.0 -0.07589733525008839
378 1.0100452371947037 0.0 -0.07668027542760425
379 1.0108594822712234 0.0 -0.07746372987702678
380 1.0116732116891005 0.0 -0.07824772484943573
381 1.012486402950503 0.0 -0.07903227800307107
382 1.0132990359924856 0.0 -0.07981740933828015
383 1.0141110907082402 0.0 -0.08060313881380184
384 1.014922546945676 0.0 -0.0813894863451402
385 1.015733384454661 0.0 -0.08217647175300218
386 1.0165435830918546 0.0 -0.08296411496184265
387 1.0173531225100536 0.0 -0.08375243569795045
388 1.0181619850223236 0.0 -0.0845414562840634
389 1.0189701430265907 0.0 -0.08533118936286661
390 1.019777580818794 0.0 -0.0861216591831579
391 1.0205842781994832 0.0 -0.08691288561243853
392 1.0213902149692102 0.0 -0.08770488851820978
393 1.022195370928528 0.0 -0.08849768776797276
394 1.022999724878882 0.0 -0.08929130259772326
395 1.023803248996553 0.0 -0.0900857586416949
396 1.0246059016424518 0.0 -0.09088108420052246
397 1.0254076550007643 0.0 -0.09167732231863314
398 1.0262084696350848 0.0 -0.09247450454269884
399 1.027008308995086 0.0 -0.09327266528026164
400 1.027807136398017 0.0 -0.09407183881092199
401 1.028604914984899 0.0 -0.09487205924099419
402 1.029401607877137 0.0 -0.09567336065909751
403 1.0301971779309016 0.0 -0.09647577688792462
404 1.0309915878947091 0.0 -0.09727934164005282
405 1.031784800365795 0.0 -0.09808408847182677
406 1.0325767804748256 0.0 -0.09889005351710094
407 1.033367482551365 0.0 -0.09969726190133957
408 1.0341568736663462 0.0 -0.10050576080035334
409 1.034944890243893 0.0 -0.10131559260756147
410 1.0357314788689016 0.0 -0.10212681496994412
411 1.036516578865338 0.0 -0.10293947809462246
412 1.037300131022964 0.0 -0.10375363369744488
413 1.0380820777722575 0.0 -0.10456933521464169
414 1.0388623520321476 0.0 -0.1053866261331987
415 1.0396409035765084 0.0 -0.10620556757337239
416 1.0404176659101427 0.0 -0.1070262035979995
417 1.041192579511567 0.0 -0.10784858555626774
418 1.041965583183526 0.0 -0.10867276300314137
419 1.0427366169785242 0.0 -0.10949878739711881
420 1.0435056003621128 0.0 -0.11032671329894382
421 1.0442724467153666 0.0 -0.11115662272928396
422 1.0450370599510217 0.0 -0.11198858999437644
423 1.0457993451925829 0.0 -0.11282269075312736
424 1.0465592067971214 0.0 -0.11365899987676882
425 1.0473165485633338 0.0 -0.11449759166007417
426 1.0480712733767155 0.0 -0.11533853940918581
427 1.0488232834209512 0.0 -0.11618191564850668
428 1.0495724801106106 0.0 -0.11702779201766099
429 1.0503187635712428 0.0 -0.1178762387737809
430 1.0510620282992977 0.0 -0.11872732936288338
431 1.0518021643337283 0.0 -0.11958114850241432
432 1.0525390508450927 0.0 -0.12043777001409753
433 1.0532725727462913 0.0 -0.12129727432479989
434 1.0540026120530575 0.0 -0.12215973848355122
435 1.0547290498204973 0.0 -0.12302523833648028
436 1.0554517659359703 0.0 -0.12389384822012187
437 1.0561706392567647 0.0 -0.12476564105469758
438 1.0568855449674257 0.0 -0.1256406903622269
439 1.057596321983487 0.0 -0.1265190964784136
440 1.058302782255412 0.0 -0.12740097796143487
441 1.0590047349576315 0.0 -0.12828645142500933
442 1.0597019869402202 0.0 -0.12917563089105163
443 1.0603943428968177 0.0 -0.13006862788487875
444 1.0610816050550598 0.0 -0.13096555089695847
445 1.0617635733721136 0.0 -0.13186650546324813
446 1.0624400690728195 0.0 -0.13277157636952971
447 1.063111066038235 0.0 -0.13368073143644194
448 1.0637766005792793 0.0 -0.13459389282598602
449 1.0644367100687846 0.0 -0.13551098360382452
450 1.065091432729498 0.0 -0.13643192787628128
451 1.0657408075904056 0.0 -0.13735665079990816
452 1.0663848743952518 0.0 -0.1382850785182595
453 1.0670236737605143 0.0 -0.13921713845624117
454 1.0676572468340284 0.0 -0.14015275889028556
455 1.06828563545774 0.0 -0.14109186924109385
456 1.0689088820798738 0.0 -0.14203440000321807
457 1.069527029718538 0.0 -0.14298028274515967
458 1.0689891960338014 0.0 -0.1436998467124362
459 1.0682844269905862 0.0 -0.1428174683170633
460 1.0675741531232072 0.0 -0.14193951502363156
461 1.066858345346158 0.0 -0.14106606777979497
462 1.0661369752732834 0.0 -0.14019720876380964
463 1.0654100152670238 0.0 -0.13933302138292625
464 1.0646774385277165 0.0 -0.13847359031475454
465 1.0639392189725514 0.0 -0.13761900129939567
466 1.0631953315419824 0.0 -0.1367693414287789
467 1.0624457520834225 0.0 -0.13592469893558493
468 1.061690457441544 0.0 -0.1350851632221469
469 1.0609294259920556 0.0 -0.13425082441910924
470 1.0601626947633822 0.0 -0.1334217204001623
471 1.059390412627284 0.0 -0.13259778425776686
472 1.0586127394069687 0.0 -0.13177893442945904
473 1.057829832779817 0.0 -0.1309650867166593
474 1.0570418482423363 0.0 -0.13015615442366477
475 1.0562489393668912 0.0 -0.12935204877571727
476 1.0554512566639205 0.0 -0.12855267791320746
477 1.054648949258255 0.0 -0.12775794872152
478 1.0538421637754087 0.0 -0.1269677658139012
479 1.0530310446266276 0.0 -0.12618203192432115
480 1.0522157340265703 0.0 -0.12540064801412687
481 1.0513963717203034 0.0 -0.12462351368339393
482 1.0505730820696173 0.0 -0.12385054108384995
483 1.0497459694852642 0.0 -0.12308166049059205
484 1.0489151358367204 0.0 -0.12231680223450463
485 1.0480806818227053 0.0 -0.12155589533642162
486 1.0472427069624775 0.0 -0.1207988675662439
487 1.0464013095939364 0.0 -0.12004564550312677
488 1.045556587104261 0.0 -0.1192961547960247
489 1.0447086350029602 0.0 -0.11855031939508252
490 1.0438575483287371 0.0 -0.1178080628468497
491 1.0430034207250594 0.0 -0.11706930751464213
492 1.0421463446822825 0.0 -0.1163339748321285
493 1.0412864131392663 0.0 -0.1156019866953336
494 1.0404237125869307 0.0 -0.11487325983765218
495 1.0395583232478502 0.0 -0.11414772672261546
496 1.0386903058164925 0.0 -0.11342534212099334
497 1.0378197154882058 0.0 -0.1127060603256854
498 1.0369466080309877 0.0 -0.11198983603451614
499 1.0360710386737837 0.0 -0.111276623435101
500 1.0351930621060057 0.0 -0.11056637622359221
501 1.0343127324800059 0.0 -0.10985904762462395
502 1.0334301036631104 0.0 -0.10915459060853232
503 1.0325452282399603 0.0 -0.10845295711198054
504 1.0316581590130491 0.0 -0.10775409924999056
505 1.0307689480141329 0.0 -0.10705796853881767
506 1.0298776467546176 0.0 -0.10636451610860491
507 1.0289843062305484 0.0 -0.10567369271842776
508 1.0280889769303412 0.0 -0.10498544877241828
509 1.0271917088379106 0.0 -0.10429973433128924
510 1.0262925522618966 0.0 -0.10361649974891536
511 1.0253915510034086 0.0 -0.10293569622536178
512 1.0244887398244862 0.0 -0.1022572963569032
513 1.0235841439831335 0.0 -0.10158127421613476
514 1.0226777966511582 0.0 -0.10090760975308036
515 1.0217697198261533 0.0 -0.10023627456209773
516 1.0208599426030196 0.0 -0.09956724550463303
517 1.019948492038722 0.0 -0.09890049790586461
518 1.0190353949797017 0.0 -0.09823600692143608
519 1.0181206780629573 0.0 -0.09757374754280695
520 1.017204367871711 0.0 -0.09691369471345711
521 1.0162864903135127 0.0 -0.09625582288561588
522 1.0153670715553855 0.0 -0.09560010669780677
523 1.0144461374038516 0.0 -0.09494652053138393
524 1.0135237134601316 0.0 -0.09429503862611384
525 1.0125998251220532 0.0 -0.09364563508484244
526 1.0116744975853902 0.0 -0.09299828387754648
527 1.0107477558453961 0.0 -0.09235295884532395
528 1.0098196246976232 0.0 -0.09170963370370301
529 1.0088901302122648 0.0 -0.09106828306020819
530 1.0079592921770004 0.0 -0.09042887772523002
531 1.007027135664305 0.0 -0.08979139907159123
532 1.0060936776217433 0.0 -0.08915582783596257
533 1.0051589361558682 0.0 -0.08852214564946011
534 1.004222929285083 0.0 -0.08789033407187066
535 1.0032856749072416 0.0 -0.087260374571576
536 1.0023471907986126 0.0 -0.08663224852692926
537 1.0014074946153424 0.0 -0.08600593722920925
538 1.0004666038931194 0.0 -0.08538142188430577
539 0.9995245360486702 0.0 -0.08475868361552841
540 0.998581308379738 0.0 -0.0841377034653288
541 0.9976369381997837 0.0 -0.08351846248511534
542 0.9966914423019181 0.0 -0.08290094138568252
543 0.9957448377661422 0.0 -0.08228512106802334
544 0.9947971414224857 0.0 -0.08167098227236876
545 0.9938483699861292 0.0 -0.08105850566831212
546 0.9928985400582775 0.0 -0.08044767185664714
547 0.9919476681268385 0.0 -0.07983846137101051
548 0.9909957705679083 0.0 -0.07923085467996666
549 0.9900428662890252 0.0 -0.07862483386604957
550 0.9890889632111023 0.0 -0.07802037404597824
551 0.9881340865599705 0.0 -0.0774174613300827
552 0.9871782472934941 0.0 -0.07681607370092265
553 0.9862214612109022 0.0 -0.07621619431049277
554 0.9852637422381665 0.0 -0.07561780541780809
555 0.9843051045534436 0.0 -0.0750208894328832
556 0.9833455622499614 0.0 -0.07442542870544759
557 0.9823851293373517 0.0 -0.07383140552691435
558 0.9814238197419242 0.0 -0.07323880213164137
559 0.9804616473075368 0.0 -0.07264760069851293
560 0.9794986257960536 0.0 -0.07205778335221616
561 0.9785347688883531 0.0 -0.07146933216481062
562 0.9775700901847317 0.0 -0.07088222915687628
563 0.9766046032059512 0.0 -0.0702964562990126
564 0.9756383213939213 0.0 -0.06971199551306524
565 0.9746712584261442 0.0 -0.0691288288622335
566 0.973703426958935 0.0 -0.06854693779450655
567 0.9727348405168061 0.0 -0.06796630428268355
568 0.9717655122343792 0.0 -0.06738691006578233
569 0.9707954551715651 0.0 -0.06680873683998616
570 0.969824682314621 0.0 -0.06623176625983726
571 0.9688532065770782 0.0 -0.06565597993930891
572 0.9678810408003731 0.0 -0.06508135945266509
573 0.9669081977552897 0.0 -0.06450788633575785
574 0.9659346901426222 0.0 -0.06393554208682703
575 0.9649605305944821 0.0 -0.06336430816763737
576 0.9639857316746183 0.0 -0.06279416600400534
577 0.9630103076190691 0.0 -0.06222509800033928
578 0.9620342642717947 0.0 -0.06165708187868925
579 0.9610576204926595 0.0 -0.061090106719018766
580 0.9600803850407148 0.0 -0.06052415905895464
581 0.9591025577229965 0.0 -0.05995922038531945
582 0.9581241563630359 0.0 -0.05939528260402381
583 0.9571451872689792 0.0 -0.05883233095580717
584 0.9561656593639898 0.0 -0.058270352191347644
585 0.9551855815313174 0.0 -0.05770933303591408
586 0.9542049626142551 0.0 -0.057149260189690895
587 0.9532238114170327 0.0 -0.056590120328622276
588 0.9522421367050656 0.0 -0.05603190010487233
589 0.9512599472054378 0.0 -0.055474586147402735
590 0.950277251607362 0.0 -0.05491816506252392
591 0.9492940585627094 0.0 -0.05436262343446856
592 0.9483103766863874 0.0 -0.0538079478258649
593 0.9473262145568628 0.0 -0.053254124778278664
594 0.9463415807167047 0.0 -0.05270114081275036
595 0.9453564841832806 0.0 -0.052148982715988154
596 0.9443709324054018 0.0 -0.05159763639581798
597 0.9433849343313482 0.0 -0.051047088601022424
598 0.9423984983648745 0.0 -0.05049732577528335
599 0.9414116328761865 0.0 -0.04994833434403489
600 0.940424346202686 0.0 -0.04940010071503373
601 0.9394366466492369 0.0 -0.048852611278648324
602 0.9384485424889717 0.0 -0.048305852408438946
603 0.937460041963733 0.0 -0.04775981046151837
604 0.9364711532844631 0.0 -0.04721447177887607
605 0.9354818846321091 0.0 -0.046669822685974506
606 0.9344922441577942 0.0 -0.046125849492926765
607 0.9335022399836465 0.0 -0.04558253849502908
608 0.9325118802033295 0.0 -0.04503987597311347
609 0.9315211728823576 0.0 -0.04449784819377742
610 0.9305301260592155 0.0 -0.043956441410037295
611 0.9295387478365722 0.0 -0.043415641911085115
612 0.9285470455312357 0.0 -0.042875436499133515
613 0.9275550252963445 0.0 -0.042335815364534596
614 0.9265626924509602 0.0 -0.041796769317425056
615 0.925570052390142 0.0 -0.04125828920843912
616 0.9245771104932942 0.0 -0.04072036587882796
617 0.923583872124231 0.0 -0.04018299016058505
618 0.9225903426319493 0.0 -0.039646152876947935
619 0.9215965273502827 0.0 -0.03910984484229396
620 0.9206024315984631 0.0 -0.03857405686251973
621 0.9196080606813386 0.0 -0.03803877973523356
622 0.9186134164714816 0.0 -0.03750400241326812
623 0.9176185142009048 0.0 -0.036969721027729
624 0.9166233524318779 0.0 -0.036435922748032444
625 0.9156279310028324 0.0 -0.035902595443378704
626 0.9146322633412117 0.0 -0.03536973426408454
627 0.9136363520526297 0.0 -0.03483732855863136
628 0.9126402023474612 0.0 -0.03430536907171562
629 0.9116438194233819 0.0 -0.03377384654111615
630 0.9106472084659292 0.0 -0.03324275169803646
631 0.9096503746485693 0.0 -0.032712075267181895
632 0.9086533231329433 0.0 -0.03218180796692892
633 0.9076560590691292 0.0 -0.03165194050949928
634 0.9066585904961689 0.0 -0.0311224651399328
635 0.9056609143771209 0.0 -0.03059336823551215
636 0.9046630445931515 0.0 -0.030064646108202652
637 0.903664980430055 0.0 -0.029536289121492188
638 0.9026667257913671 0.0 -0.029008290285456834
639 0.9016682845806222 0.0 -0.028480642610172618
640 0.9006696607013548 0.0 -0.027953339105715534
641 0.8996708580571005 0.0 -0.027426372782161666
642 0.8986718805513939 0.0 -0.02689973664958723
643 0.8976727388997766 0.0 -0.02637342730498278
644 0.8966734268752597 0.0 -0.0258474324199979
645 0.8956739520543314 0.0 -0.025321746939903866
646 0.8946743182563771 0.0 -0.0247963638302563
647 0.8936745292943199 0.0 -0.02427127605336266
648 0.892674588974719 0.0 -0.023746476568337636
649 0.8916745010979876 0.0 -0.023221958331221072
650 0.8906742695301219 0.0 -0.022697714332561545
651 0.8896738979159138 0.0 -0.02217373744713084
652 0.8886733901096717 0.0 -0.02165002065967328
653 0.8876727498885543 0.0 -0.021126556914631354
654 0.8866719810242201 0.0 -0.0206033391537083
655 0.8856710872830973 0.0 -0.020080360316006643
656 0.8846700724264396 0.0 -0.019557613338051838
657 0.8836689402104978 0.0 -0.019035091153878424
658 0.8826676943867988 0.0 -0.018512786695167194
659 0.8816663387020731 0.0 -0.017990692891202528
660 0.8806648768985726 0.0 -0.017468802669028845
661 0.8796633127142315 0.0 -0.016947108953526212
662 0.8786616498827696 0.0 -0.016425604667455046
663 0.8776598921337155 0.0 -0.015904282731457338
664 0.8766580431930456 0.0 -0.015383136064378853
665 0.8756561067931798 0.0 -0.014862157561555072
666 0.8746540869206073 0.0 -0.014341339624311378
667 0.8736519878148493 0.0 -0.013820674154950509
668 0.8726498137235846 0.0 -0.013300153031775343
669 0.8716475688914008 0.0 -0.012779768131020164
670 0.8706452575594029 0.0 -0.012259511326704643
671 0.8696428839659948 0.0 -0.011739374491098362
672 0.8686404523465627 0.0 -0.011219349494612445
673 0.8676379669339955 0.0 -0.010699428206126767
674 0.866635431958657 0.0 -0.010179602493030574
675 0.8656328516487213 0.0 -0.00965986422145257
676 0.8646302302301864 0.0 -0.009140205256321967
677 0.8636275719272151 0.0 -0.008620617461600248
678 0.8626248809621492 0.0 -0.008101092700341914
679 0.8616221616259251 0.0 -0.007581622871225734
680 0.8606194179972971 0.0 -0.007062199763153844
681 0.8596166543645771 0.0 -0.006542815273789844
682 0.8586138749449147 0.0 -0.006023461264178593
683 0.8576110839546276 0.0 -0.005504129595235337
684 0.8566082856093525 0.0 -0.004984812127877002
685 0.8556054841241648 0.0 -0.004465500723135871
686 0.854602683713889 0.0 -0.003946187242373313
687 0.8535998885931193 0.0 -0.003426863547341324
688 0.8525971029765221 0.0 -0.0029075215003935596
689 0.8515943310789728 0.0 -0.0023881529646058858
690 0.8505915771157212 0.0 -0.0018687498039159749
691 0.8495888453025823 0.0 -0.0013493038832737801
692 0.848586139856078 0.0 -0.0008298070687679654
693 0.8475849766825532 0.0 -0.00030737618955115065
694 0.8466371256229819 0.0 0.00030400147259195334
695 0.8458098997646484 0.0 0.0010707447014320637
696 0.8451230809343743 0.0 0.001965503773045992
697 0.8445945564081339 0.0 0.0029619965032718007
698 0.844239348053031 0.0 0.004032571304641689
699 -0.05779701965367646 0.0 -0.08318911573362062
700 -0.05776870061259026 0.0 -0.08206652808639299
701 -0.05767418798141864 0.0 -0.08094753997247135
702 -0.05751809218439622 0.0 -0.07983545222686873
703 -0.05730421583321016 0.0 -0.07873300271443447
704 -0.05703669460040153 0.0 -0.07764231111288791
705 -0.05672030131736276 0.0 -0.0765647645234529
706 -0.05635973481007067 0.0 -0.07550116823618215
707 -0.05595939778553018 0.0 -0.07445188178803791
708 -0.05552325133187415 0.0 -0.07341695588729233
709 -0.05505510100656778 0.0 -0.07239609757293895
710 -0.05455862704115989 0.0 -0.07138870056263827
711 -0.05403734573598684 0.0 -0.07039390562040042
712 -0.05349400269696508 0.0 -0.0694109825254732
713 -0.052930380151508624 0.0 -0.06843954257901867
714 -0.052348156222782875 0.0 -0.06747913261667766
715 -0.05174896743000525 0.0 -0.0665292113599325
716 -0.051134404202126824 0.0 -0.06558916093890695
717 -0.05050600909946454 0.0 -0.06465829741044025
718 -0.04986525987912898 0.0 -0.0637358920399292
719 -0.049213184300037294 0.0 -0.06282145763698327
720 -0.04855037614368258 0.0 -0.06191477165502277
721 -0.047877401104761456 0.0 -0.06101560540020367
722 -0.04719481488253669 0.0 -0.0601237127101294
723 -0.04650316268002357 0.0 -0.05923883143946391
724 -0.04580297889752891 0.0 -0.05836068485308392
725 -0.04509478707045224 0.0 -0.05748898300167805
726 -0.04437909988459169 0.0 -0.05662342388592016
727 -0.0436564194933488 0.0 -0.05576369470423486
728 -0.04292720495816914 0.0 -0.05490949985067921
729 -0.04219177430235847 0.0 -0.05406065095058593
730 -0.04145040618734941 0.0 -0.05321698251083191
731 -0.04070337559931765 0.0 -0.05237832357076777
732 -0.03995095368305909 0.0 -0.05154449795721274
733 -0.039193407726582905 0.0 -0.050715324657736836
734 -0.0384310011613171 0.0 -0.04989061815657902
735 -0.0376639936123226 0.0 -0.049070188773273384
736 -0.036892640994003134 0.0 -0.048253842999692924
737 -0.03611719558526065 0.0 -0.04744138376778415
738 -0.03533790614888731 0.0 -0.04663261072074736
739 -0.034555018072729905 0.0 -0.04582732046545678
740 -0.03376876058832875 0.0 -0.04502531952550975
741 -0.03297927438608607 0.0 -0.04422649665741357
742 -0.03218666385229588 0.0 -0.04343077366958959
743 -0.031391032308337195 0.0 -0.04263807128671892
744 -0.030592482118121142 0.0 -0.04184830910641991
745 -0.029791114694768063 0.0 -0.04106140565493945
746 -0.028987031164098967 0.0 -0.04027727907638246
747 -0.02818032932260186 0.0 -0.0394958442145413
748 -0.027371109311911595 0.0 -0.03871701816742687
749 -0.02655946842780412 0.0 -0.0379407152685806
750 -0.025745503517143813 0.0 -0.037166849444731365
751 -0.024929310567857625 0.0 -0.03639533383984402
752 -0.0241109849881677 0.0 -0.035626081097771475
753 -0.023290611502968468 0.0 -0.034859011670028237
754 -0.022468244853989905 0.0 -0.034094079976364065
755 -0.021643931654080288 0.0 -0.03333124632562758
756 -0.02081771844720293 0.0 -0.032570470934855
757 -0.019989651454316238 0.0 -0.031811713700323034
758 -0.019159776576359134 0.0 -0.031054934208926768
759 -0.018328139397602024 0.0 -0.0303000917492046
760 -0.017494785284356905 0.0 -0.02954714540766018
761 -0.016659759005991988 0.0 -0.02879605373343416
762 -0.015823105315660235 0.0 -0.028046775269019275
763 -0.014984868570983252 0.0 -0.02729926821256911
764 -0.0141450928346483 0.0 -0.026553490513798694
765 -0.013303821879777446 0.0 -0.0258093998830576
766 -0.012461101308276048 0.0 -0.02506695565779267
767 -0.011616967495253844 0.0 -0.024326110090836982
768 -0.010771460533793648 0.0 -0.02358683631204985
769 -0.009924604489689409 0.0 -0.022849108317194694
770 -0.009076425167498507 0.0 -0.022112902094099676
771 -0.00822694611644509 0.0 -0.021378191669947165
772 -0.007376200807201744 0.0 -0.02064495962233225
773 -0.006524203541181972 0.0 -0.019913171989324255
774 -0.005670986444888246 0.0 -0.01918281016444008
775 -0.004816573128092341 0.0 -0.018453848202726605
776 -0.003960988486812172 0.0 -0.017726261265183826
777 -0.003104257453083586 0.0 -0.01700002454264134
778 -0.002246404778001079 0.0 -0.016275113072283846
779 -0.0013874550877825073 0.0 -0.015551501787201823
780 -0.0005274328855548815 0.0 -0.014829165519416033
781 0.00033363415114939955 0.0 -0.014108081758683208
782 0.001195730773701098 0.0 -0.013388217603977905
783 0.0020588254243051334 0.0 -0.01266955422565444
784 0.0029228988252600063 0.0 -0.01195207201756755
785 0.003787941838508871 0.0 -0.011235752350800182
786 0.004653935073565743 0.0 -0.01052058549479934
787 0.0055208662089612 0.0 -0.009806555855074447
788 0.006388721142154936 0.0 -0.009093649311704874
789 0.007257485829224421 0.0 -0.00838185169459044
790 0.008127146284388417 0.0 -0.007671148784540184
791 0.008997688579510839 0.0 -0.006961526314340594
792 0.009869098816205587 0.0 -0.0062529699920387885
793 0.010741363235410589 0.0 -0.005545465412497267
794 0.011614468051333636 0.0 -0.004838998192971552
795 0.012488399561167542 0.0 -0.004133553884367475
796 0.013363144117028035 0.0 -0.0034291179945768815
797 0.014238688125348542 0.0 -0.0027256759894264734
798 0.01511501582639709 0.0 -0.002023215071023706
799 0.01599211979014586 0.0 -0.0013217157731600538
800 0.016869981730989133 0.0 -0.0006211673284986194
801 0.017085885410288486 0.0 -0.0010154960669027733
802 0.016247489793376705 0.0 -0.0017615886108098121
803 0.015411340760331679 0.0 -0.0025101972723185744
804 0.014578810947747545 0.0 -0.003262826647260747
805 0.013751294010975922 0.0 -0.004020963504506701
806 0.012930214520044501 0.0 -0.00478606548568925
807 0.01211660220510285 0.0 -0.005559102921741798
808 0.011310327902479619 0.0 -0.006339791499317192
809 0.01051105435659496 0.0 -0.0071276465349866865
810 0.009718434412889412 0.0 -0.007922194146354684
811 0.008932108488547951 0.0 -0.008722974822772414
812 0.008151725422079394 0.0 -0.009529547076051557
813 0.007376944837426453 0.0 -0.01034150271941867
814 0.006607420890680268 0.0 -0.011158442439292942
815 0.0058428003208010745 0.0 -0.011979973739791795
816 0.005082733329040594 0.0 -0.012805720032910682
817 0.004327173793891845 0.0 -0.013635592464583278
818 0.0035764347831767147 0.0 -0.014469827976129841
819 0.002830854484623048 0.0 -0.015308676916220757
820 0.002090776649852596 0.0 -0.016152384100508534
821 0.0013565369108986876 0.0 -0.017001176522735806
822 0.0006282796168439913 0.0 -0.01785510738880187
823 -9.399603841602043e-05 0.0 -0.01871410363788701
824 -0.0008102952183181686 0.0 -0.019578089882092975
825 -0.0015206239608464506 0.0 -0.020446991424074617
826 -0.0022249891272732927 0.0 -0.021320734259026412
827 -0.0029233984205639086 0.0 -0.022199245161454426
828 -0.0036158602644915288 0.0 -0.02308245159688692
829 -0.0043023838236105035 0.0 -0.02397028180607444
830 -0.00498297701871004 0.0 -0.024862662246695318
831 -0.005657639115453517 0.0 -0.025759543156617735
832 -0.006326278006968181 0.0 -0.026660919340584344
833 -0.006988784779856536 0.0 -0.027566812071637452
834 -0.007645047155392699 0.0 -0.028477238580968886
835 -0.00829495145318269 0.0 -0.029392214539694646
836 -0.008938382574873078 0.0 -0.03031175391976426
837 -0.009575224229330322 0.0 -0.031235869193832175
838 -0.010205358683595983 0.0 -0.03216457084839575
839 -0.010828666999884863 0.0 -0.0330978675824488
840 -0.011445029036505005 0.0 -0.03403576616218195
841 -0.012054367187666023 0.0 -0.03497824324354109
842 -0.012656984427482946 0.0 -0.03592503219676482
843 -0.013253385153744473 0.0 -0.036875749605027486
844 -0.0138440823343221 0.0 -0.037830021674386614
845 -0.014429594688105857 0.0 -0.03878748408644415
846 -0.015010441436636518 0.0 -0.03974778056342216
847 -0.015587039294785299 0.0 -0.040710641943748425
848 -0.016159651767788205 0.0 -0.0416758751001249
849 -0.016728541454651014 0.0 -0.04264330713290487
850 -0.017293970248793904 0.0 -0.043612764012336776
851 -0.01785620670238144 0.0 -0.044584083293079085
852 -0.018415505806653614 0.0 -0.04555708858901283
853 -0.01897188276358144 0.0 -0.04653177078635689
854 -0.01952494793574805 0.0 -0.04750833584579412
855 -0.020074275644780926 0.0 -0.04848700796483481
856 -0.020619437388728047 0.0 -0.04946800659468438
857 -0.021160001643443515 0.0 -0.05045154584058009
858 -0.021695533734835463 0.0 -0.05143783387698101
859 -0.022225595715701096 0.0 -0.05242707224509227
860 -0.022749746331427897 0.0 -0.05341945517286008
861 -0.023267541064167608 0.0 -0.054415168890227135
862 -0.02377853223572967 0.0 -0.055414390892066796
863 -0.024282196146588622 0.0 -0.05641732568751298
864 -0.02477768425804713 0.0 -0.05742432394816958
865 -0.025264048264032724 0.0 -0.05843575971877444
866 -0.025740325072971706 0.0 -0.059451983494153156
867 -0.02620553626033389 0.0 -0.06047331924592364
868 -0.026658688117359535 0.0 -0.061500061357923234
869 -0.027098772137113102 0.0 -0.06253247096818014
870 -0.027524766315972782 0.0 -0.06357077240450608
871 -0.027935637175167123 0.0 -0.06461514939957078
872 -0.028330245768481182 0.0 -0.06566577687732059
873 -0.028706419768068266 0.0 -0.06672314054726139
874 -0.02906132181825042 0.0 -0.0677878275776679
875 -0.029392036240039228 0.0 -0.06886026833064185
876 -0.029695586956350963 0.0 -0.06994070548033927
877 -0.02996895792213136 0.0 -0.0710291635894646
878 -0.030209108047426485 0.0 -0.07212542266917892
879 -0.0304117051719124 0.0 -0.0732292216145574
880 -0.03057009141308009 0.0 -0.07434020419829251
881 -0.03067711479736335 0.0 -0.07545727813493326
882 -0.030725455791407588 0.0 -0.0765783933494843
883 -0.030707900489197408 0.0 -0.07770037913424703
884 -0.03061775225584604 0.0 -0.07881883886117273
885 -0.03044854212269084 0.0 -0.0799280512770456
886 -0.030194000616282145 0.0 -0.08102079268927755
887 -0.029848231555638094 0.0 -0.08208812190398311
888 -0.02941948801264162 0.0 -0.0831251152458063
889 -0.028948406413281905 0.0 -0.08414371698527738
890 -0.028434128666470087 0.0 -0.08514092537628055
891 -0.027785655876435753 0.0 -0.08605484338317705
892 -0.02697002106902009 0.0 -0.08682291582117632
893 -0.026018362241924116 0.0 -0.08741451895715105
894 -0.024972455346467897 0.0 -0.08781705821026313
895 -0.02387202489348303 0.0 -0.08803142179440415
896 -0.022752957047136296 0.0 -0.08811331920256232
897 -0.02163158690321434 0.0 -0.0881589364222947
898 -0.020509977557968156 0.0 -0.0881983563124143
899 -0.019388571511975455 0.0 -0.08824309785470276
900 -0.018267579616313468 0.0 -0.08829725894669277
901 -0.01714692083075841 0.0 -0.08835795059655241
902 -0.016026449130785863 0.0 -0.08842201621435271
903 -0.014905989920624784 0.0 -0.08848630232565109
904 -0.01378536697715158 0.0 -0.08854765592853785
905 -0.014863209972313529 0.0 -0.08886980854936792
906 -0.015941682492794863 0.0 -0.08918984599821664
907 -0.01702138564642075 0.0 -0.0895057045124794
908 -0.01810272342392786 0.0 -0.08981591970423397
909 -0.019185746399443683 0.0 -0.09012019906023386
910 -0.020270462898438767 0.0 -0.09041838464088578
911 -0.021356878501518843 0.0 -0.09071031871616733
912 -0.022445000169700313 0.0 -0.0909958276636365
913 -0.0235348763607686 0.0 -0.09127456316353261
914 -0.024626575952121244 0.0 -0.09154606825095409
915 -0.025720159535245226 0.0 -0.09180988132388188
916 -0.026815678035936204 0.0 -0.0920655376041798
917 -0.027913173489464402 0.0 -0.09231256959045547
918 -0.029012676219451427 0.0 -0.09255050676753424
919 -0.03011420559647425 0.0 -0.09277887625305739
920 -0.031217767805401236 0.0 -0.09299720921460473
921 -0.03232334835980856 0.0 -0.09320507878310148
922 -0.03343091766190448 0.0 -0.09340207528100952
923 -0.0345404343682849 0.0 -0.09358778750690169
924 -0.035651845339319616 0.0 -0.09376180331230705
925 -0.036765084411257656 0.0 -0.09392371015846404
926 -0.03788007239451311 0.0 -0.09407309560619624
927 -0.03899673372012266 0.0 -0.09420940379793229
928 -0.040115014367705086 0.0 -0.09433170838886594
929 -0.041234833037671385 0.0 -0.09443901139334393
930 -0.04235606986020006 0.0 -0.09453029689402768
931 -0.04347860783667965 0.0 -0.09460381340398732
932 -0.04460233022554988 0.0 -0.09465607154211803
933 -0.04572692971533306 0.0 -0.09468333205228245
934 -0.046851809627673026 0.0 -0.09467752130237946
935 -0.04797529893357236 0.0 -0.09462254541562382
936 -0.0490934877882657 0.0 -0.09450126923044683
937 -0.0501994092848807 0.0 -0.0942969489159073
938 -0.05128171175040957 0.0 -0.0939919081496704
939 -0.052322676456224265 0.0 -0.09356725119760427
940 -0.053301371152018745 0.0 -0.09301417659804159
941 -0.05419718792163158 0.0 -0.09233518843143061
942 -0.05498660693842719 0.0 -0.09153760392343932
943 -0.055665569406493524 0.0 -0.09064379620619277
944 -0.05624114258179162 0.0 -0.08967994232890908
945 -0.05672017964806295 0.0 -0.08866454983551542
946 -0.05710716192996854 0.0 -0.08761055988835882
947 -0.057407217733781477 0.0 -0.08652855718841584
948 -0.0576222304861654 0.0 -0.08542649405538812
949 -0.05775109692165128 0.0 -0.08431106941284366
950 0.0297189733634967 0.0 -0.01174910633596314
951 0.02982746515979233 0.0 -0.01062500391235558
952 0.03002730290963259 0.0 -0.009513181586036245
953 0.03028284978086113 0.0 -0.00841274099022769
954 0.03058698591874406 0.0 -0.007324719837369642
955 0.03093731194462774 0.0 -0.006250673839544753
956 0.03133266190229227 0.0 -0.00519237988843538
957 0.03177591142082415 0.0 -0.004153257554316062
958 0.03227055177985531 0.0 -0.003137614527759262
959 0.03281705020037898 0.0 -0.002148893554247016
960 0.03340824630406464 0.0 -0.001186195521920028
961 0.03403619265056003 0.0 -0.0002470245097636919
962 0.03469419358867375 0.0 0.0006713575142265103
963 0.03537914536251373 0.0 0.001569823635763931
964 0.03608899979416048 0.0 0.00244875299071131
965 0.03682176499897372 0.0 0.003308680583539016
966 0.03757552152784722 0.0 0.004150274750077882
967 0.03834843380234943 0.0 0.004974316570555463
968 0.03913875592370927 0.0 0.005781680420804136
969 0.03994483405308714 0.0 0.006573317672529293
970 0.0407651052760657 0.0 0.007350242758246649
971 0.0415981375657202 0.0 0.008113472733301222
972 0.04244297923925407 0.0 0.008863611158966667
973 0.0432989323063354 0.0 0.009601046899105825
974 0.04416532101945597 0.0 0.01032619491345075
975 0.04504149064074601 0.0 0.01103949549776645
976 0.04592680690547717 0.0 0.01174141033740632
977 0.04682066234804021 0.0 0.0124324244822367
978 0.0477224641478124 0.0 0.01311303438805645
979 0.04863164590997154 0.0 0.01378375519549901
980 0.04954766007243343 0.0 0.01444511328341512
981 0.0504700185229779 0.0 0.01509759939797989
982 0.05139834042501152 0.0 0.0157415711862482
983 0.05233227619372742 0.0 0.0163773746046872
984 0.05327148490511643 0.0 0.01700536326064661
985 0.0542156352058585 0.0 0.01762589824852466
986 0.05516440513449659 0.0 0.01823934734138308
987 0.05611748182800103 0.0 0.01884608423155882
988 0.05707456119468914 0.0 0.01944648786744735
989 0.05803534755500978 0.0 0.02004094187869371
990 0.05899956467479867 0.0 0.02062981517845197
991 0.05996708060138093 0.0 0.02121325272551363
992 0.06093785635126493 0.0 0.02179125006855316
993 0.06191185474652788 0.0 0.02236380015822624
994 0.06288903883547498 0.0 0.02293089604641447
995 0.06386937186367701 0.0 0.02349253086188242
996 0.06485281726626033 0.0 0.02404869779933169
997 0.06583933868793525 0.0 0.02459939012431921
998 0.06682889995168019 0.0 0.02514460114933231
999 0.06782146639697151 0.0 0.02568432387092232
1000 0.06881701267978499 0.0 0.02621852597592147
1001 0.06981553223118296 0.0 0.02674715170880546
1002 0.07081701498012546 0.0 0.02727014187043094
1003 0.07182145091777309 0.0 0.02778743753514104
1004 0.07282882919963472 0.0 0.02829897959677215
1005 0.0738391381720062 0.0 0.02880470881292399
1006 0.07485236529697468 0.0 0.0293045657985259
1007 0.07586849717470825 0.0 0.02979849106971355
1008 0.07688751923727039 0.0 0.03028642493049924
1009 0.07790942286101021 0.0 0.03076829594325491
1010 0.07893421776154266 0.0 0.03124398625421011
1011 0.07996191793744485 0.0 0.0317133667593469
1012 0.08099253528711631 0.0 0.03217630675935549
1013 0.08202607973803827 0.0 0.03263267407654321
1014 0.083062559432139 0.0 0.03308233519286737
1015 0.08410198025719799 0.0 0.0335251551060126
1016 0.08514434602507782 0.0 0.03396099747821071
1017 0.0861896583299178 0.0 0.03438972464961212
1018 0.08723791512108028 0.0 0.03481119475309202
1019 0.08828912585364043 0.0 0.035225254736734
1020 0.08934328605335348 0.0 0.0356317402337463
1021 0.09040039661682989 0.0 0.03603048980760554
1022 0.09146045281839922 0.0 0.03642134076531486
1023 0.0925234466020799 0.0 0.03680413024123334
1024 0.09358936614022752 0.0 0.03717869521975832
1025 0.0946581959574691 0.0 0.0375448727766155
1026 0.09572991879373934 0.0 0.03790250063707642
1027 0.09680453271270388 0.0 0.03825133106504418
1028 0.0978821073137589 0.0 0.0385909108975273
1029 0.09896270391027424 0.0 0.03892074666317197
1030 0.1000463734255185 0.0 0.03924033875990471
1031 0.1011331554322607 0.0 0.03954918142167871
1032 0.1022230745719051 0.0 0.03984676211869745
1033 0.1033161414357319 0.0 0.04013256242419692
1034 0.1044123507233242 0.0 0.04040606028370596
1035 0.1055115953877933 0.0 0.040667092428357
1036 0.1066135842351115 0.0 0.04091628863176484
1037 0.1077180236944653 0.0 0.04115439191920647
1038 0.1088246428138396 0.0 0.04138215333242806
1039 0.1099331920089479 0.0 0.04160033006390424
1040 0.111043441717435 0.0 0.0418096839035446
1041 0.1121551811274843 0.0 0.04201098000424233
1042 0.1132682163545095 0.0 0.04220498582767085
1043 0.1143823689691815 0.0 0.04239247041649645
1044 0.1154974744340315 0.0 0.04257420387774977
1045 0.1166133804508442 0.0 0.04275095705530465
1046 0.1177299471148015 0.0 0.0429234894458661
1047 0.1188470783749692 0.0 0.04309232815316261
1048 0.1199647150120823 0.0 0.04325778901498748
1049 0.1210828017599193 0.0 0.04342018088507397
1050 0.1222012858825999 0.0 0.04357981325017549
1051 0.1233201169107121 0.0 0.04373699612034048
1052 0.1244392464020293 0.0 0.04389203993642657
1053 0.1255586277151162 0.0 0.0440452554913626
1054 0.1266782156943249 0.0 0.04419695384987781
1055 0.1277979664416426 0.0 0.04434744628940373
1056 0.1289178370675335 0.0 0.04449704424546046
1057 0.1300377854247444 0.0 0.0446460592607318
1058 0.1311577714588636 0.0 0.04479479089387024
1059 0.1322777813519408 0.0 0.04494334274638535
1060 0.133397822455455 0.0 0.04509165908933853
1061 0.1345179026952059 0.0 0.04523967957104219
1062 0.1356380299515908 0.0 0.04538734383472889
1063 0.136758212043877 0.0 0.04553459151601409
1064 0.1378784566481943 0.0 0.04568136223177182
1065 0.1389987715963436 0.0 0.04582759561892167
1066 0.1401191644020922 0.0 0.04597323127211939
1067 0.1412396425568202 0.0 0.04611820878239705
1068 0.1423602134499897 0.0 0.0462624677266893
1069 0.1434808843531422 0.0 0.04640594766583839
1070 0.144601662401991 0.0 0.04654858814251706
1071 0.1457225529235291 0.0 0.04669032978903265
1072 0.146843563113482 0.0 0.04683114667004021
1073 0.1479646866215942 0.0 0.04697104602177739
1074 0.1490859230474159 0.0 0.04711003748561951
1075 0.1502072704799359 0.0 0.04724813051289227
1076 0.1513287270334181 0.0 0.04738533455832734
1077 0.1524502908416191 0.0 0.04752165907925246
1078 0.1535719600610372 0.0 0.04765711353589897
1079 0.1546937328758995 0.0 0.04779170739190491
1080 0.1558156074859353 0.0 0.04792545011275249
1081 0.1569375821149415 0.0 0.04805835116671985
1082 0.1580596550075545 0.0 0.04819042002441264
1083 0.1591818244292999 0.0 0.04832166615869534
1084 0.160304086330701 0.0 0.04845209877398601
1085 0.1614264477083478 0.0 0.04858172820666705
1086 0.1625488957652073 0.0 0.04871055505236362
1087 0.1636714382210266 0.0 0.04883857143010533
1088 0.1647940739143327 0.0 0.04896576757899382
1089 0.1659168033137864 0.0 0.04909213392537723
1090 0.1670396268695442 0.0 0.04921766089308889
1091 0.16816254500977 0.0 0.0493423389031204
1092 0.1692855581409415 0.0 0.04946615837373
1093 0.1704086666478973 0.0 0.04958910972052425
1094 0.1715318708940826 0.0 0.04971118335656353
1095 0.1726551712195564 0.0 0.04983236969222866
1096 0.1737785679426652 0.0 0.04995265913549093
1097 0.1749020613212406 0.0 0.05007204208789253
1098 0.1760256517022878 0.0 0.05019050896051816
1099 0.1771493392978611 0.0 0.05030805015027714
1100 0.1782731243329273 0.0 0.05042465605575185
1101 0.1793970070088746 0.0 0.05054031707341222
1102 0.1805209875037944 0.0 0.05065502359775435
1103 0.1816450659703123 0.0 0.05076876602119357
1104 0.1827692425370692 0.0 0.05088153473433656
1105 0.1838935173084363 0.0 0.0509933201260739
1106 0.1850178928797566 0.0 0.05110411283042113
1107 0.1861423623864798 0.0 0.05121390255384001
1108 0.1872669314019868 0.0 0.05132268022635256
1109 0.1883915974030038 0.0 0.0514304362595252
1110 0.1895163655778408 0.0 0.05153716615206493
1111 0.1906412286409082 0.0 0.05164286770616448
1112 0.1917661879791912 0.0 0.05174753964874632
1113 0.1928912427786953 0.0 0.05185118049624883
1114 0.1940163922225826 0.0 0.05195378876423284
1115 0.1951416341338366 0.0 0.0520553628454974
1116 0.1962669732107393 0.0 0.05215590174833354
1117 0.1973924001844508 0.0 0.05225540323155245
1118 0.1985179199519331 0.0 0.05235386631744346
1119 0.1996435302181285 0.0 0.05245128938728721
1120 0.20076923014255 0.0 0.05254767095111035
1121 0.2018950188796854 0.0 0.05264300951798319
1122 0.2030208955833142 0.0 0.05273730359640111
1123 0.2041468594003837 0.0 0.05283055169378202
1124 0.2052729094747406 0.0 0.05292275231680067
1125 0.206399044946464 0.0 0.05301390397134805
1126 0.2075252649516225 0.0 0.0531040051625283
1127 0.2086515686220158 0.0 0.0531930543946558
1128 0.2097779550862194 0.0 0.0532810501713552
1129 0.2109044234685581 0.0 0.05336799099549634
1130 0.2120309728896914 0.0 0.05345387536925752
1131 0.2131576024650654 0.0 0.05353870179402571
1132 0.2142843110994517 0.0 0.05362246875575608
1133 0.2154110982360382 0.0 0.05370517876608378
1134 0.2165379610948956 0.0 0.05378684777203963
1135 0.2176648975656198 0.0 0.05386749466922569
1136 0.2187919053822847 0.0 0.05394713834327938
1137 0.2199189823294768 0.0 0.05402579768479757
1138 0.2210461262409122 0.0 0.05410349158895836
1139 0.2221733349992551 0.0 0.05418023895524419
1140 0.2233006065342943 0.0 0.05425605868706854
1141 0.2244279388234276 0.0 0.05433096969157625
1142 0.2255553298887032 0.0 0.05440499087922909
1143 0.2266827777976075 0.0 0.05447814116365854
1144 0.2278102805391153 0.0 0.05455043945357461
1145 0.2289378365148711 0.0 0.05462190468399439
1146 0.2300654437982517 0.0 0.05469255576857955
1147 0.2311931006266949 0.0 0.05476241163115676
1148 0.2323208052779474 0.0 0.05483149119760904
1149 0.2334485560691469 0.0 0.05489981339570355
1150 0.2345763513555044 0.0 0.05496739715490962
1151 0.2357041895293341 0.0 0.05503426140625207
1152 0.2368320690198193 0.0 0.05510042508222089
1153 0.2379599882909936 0.0 0.05516590711658786
1154 0.2390879458407648 0.0 0.05523072644429927
1155 0.2402159406812407 0.0 0.05529490202570694
1156 0.2413439700550314 0.0 0.05535845072338035
1157 0.2424720344038687 0.0 0.0554213841083472
1158 0.2436001323299948 0.0 0.0554837127188611
1159 0.2447282629303584 0.0 0.05554544712166581
1160 0.2458564253180615 0.0 0.05560659788484126
1161 0.2469846186229134 0.0 0.05566717557777363
1162 0.2481128444147194 0.0 0.05572719089940405
1163 0.2492410953423201 0.0 0.05578665407627009
1164 0.2503693746111346 0.0 0.0558455758965168
1165 0.2514976815163319 0.0 0.05590396693931429
1166 0.25262601955362 0.0 0.05596183799831545
1167 0.253754380927008 0.0 0.05601919928814097
1168 0.2548827675990875 0.0 0.05607606152571916
1169 0.256011178781209 0.0 0.05613243528637514
1170 0.2571396137374758 0.0 0.05618833114816412
1171 0.2582680717454197 0.0 0.05624375968983181
1172 0.2593965520957505 0.0 0.05629873149077247
1173 0.2605250540917139 0.0 0.05635325713097036
1174 0.2616535770499225 0.0 0.05640734719101524
1175 0.262782120298359 0.0 0.05646101225198363
1176 0.2639106831774902 0.0 0.05651426289547235
1177 0.2650392634583081 0.0 0.05656710962978188
1178 0.266167865188519 0.0 0.05661956325174022
1179 0.2672964828311555 0.0 0.05667163158273742
1180 0.2684251181816056 0.0 0.05672331598055289
1181 0.2695537711028846 0.0 0.05677461657953476
1182 0.2706824414580074 0.0 0.05682553351403123
1183 0.2718111291099888 0.0 0.05687606691839044
1184 0.2729398339218439 0.0 0.05692621692696055
1185 0.2740685557565876 0.0 0.05697598367408974
1186 0.2751972944772348 0.0 0.05702536729412615
1187 0.2763260499468008 0.0 0.05707436792141796
1188 0.2774548220283001 0.0 0.0571229856903133
1189 0.278583610584748 0.0 0.05717122073516037
1190 0.2797124154791593 0.0 0.05721907319030732
1191 0.2808412365745489 0.0 0.0572665431901023
1192 0.2819700737339318 0.0 0.05731363086889346
1193 0.2830989268203231 0.0 0.05736033636102898
1194 0.2842277956967377 0.0 0.05740665980085703
1195 0.2853566802261905 0.0 0.05745260132272575
1196 0.2864855802716964 0.0 0.05749816106098331
1197 0.2876144956962705 0.0 0.05754333914997789
1198 0.2887434263629277 0.0 0.0575881357240576
1199 0.2898723687874262 0.0 0.05763255078644839
1200 0.2910013288481 0.0 0.05767658470849836
1201 0.2921303037092293 0.0 0.05772023751795589
1202 0.2932592932368636 0.0 0.05776350934931577
1203 0.2943882972971207 0.0 0.05780640033707124
1204 0.2955173157562533 0.0 0.05784891061571637
1205 0.2966463484807291 0.0 0.05789104031974884
1206 0.2977753953370957 0.0 0.0579327895836646
1207 0.298904456192062 0.0 0.05797415854196071
1208 0.3000335309124635 0.0 0.05801514732913379
1209 0.301162619365294 0.0 0.05805575607968097
1210 0.3022917214176819 0.0 0.05809598492809881
1211 0.3034208369368764 0.0 0.05813583400888255
1212 0.3045499657877281 0.0 0.05817530345643832
1213 0.3056791078429404 0.0 0.05821439340544025
1214 0.3068082629676067 0.0 0.05825310399028993
1215 0.3079374310295964 0.0 0.05829143534547988
1216 0.3090666118968352 0.0 0.05832938760549798
1217 0.3101958054374609 0.0 0.05836696090483259
1218 0.3113250115197004 0.0 0.05840415537796811
1219 0.3124542300119698 0.0 0.05844097115938812
1220 0.3135834607827658 0.0 0.05847740838357154
1221 0.3147127037007746 0.0 0.05851346718499603
1222 0.3158419586348245 0.0 0.05854914769813615
1223 0.3169712254538088 0.0 0.05858445005746066
1224 0.3181005040268675 0.0 0.0586193743974382
1225 0.3192297942231911 0.0 0.05865392085253065
1226 0.3203590959121926 0.0 0.05868808955719852
1227 0.3214884089632947 0.0 0.058721880645894
1228 0.3226177332461925 0.0 0.05875529425306882
1229 0.3237470686306965 0.0 0.05878833051316923
1230 0.3248764149866366 0.0 0.05882098956063302
1231 0.3260057721841984 0.0 0.05885327152989901
1232 0.3271351400934501 0.0 0.05888517655539333
1233 0.3282645185848205 0.0 0.05891670477154266
1234 0.3293939075287491 0.0 0.05894785631276431
1235 0.3305233067958296 0.0 0.05897863131346986
1236 0.331652716256863 0.0 0.05900902990806648
1237 0.3327821357826539 0.0 0.05903905223095118
1238 0.3339115652443371 0.0 0.05906869841651931
1239 0.3350410045130199 0.0 0.05909796859915477
1240 0.3361704534600575 0.0 0.0591268629132372
1241 0.3372999119567399 0.0 0.05915538149313358
1242 0.3384293798747935 0.0 0.05918352447321083
1243 0.3395588570857836 0.0 0.05921129198782053
1244 0.3406883444277333 0.0 0.05923868419458083
1245 0.3418178380113467 0.0 0.05926570115277637
1246 0.3429473408294234 0.0 0.05929234327206543
1247 0.3440768562761396 0.0 0.05931861108943117
1248 0.3452063779957814 0.0 0.05934450491750379
1249 0.3463359082154526 0.0 0.05937002526967491
1250 0.347465446801286 0.0 0.05939517260406232
1251 0.3485949936201316 0.0 0.05941994737882325
1252 0.3497245485390903 0.0 0.05944435005214307
1253 0.3508541114258211 0.0 0.05946838108224133
1254 0.3519836821483597 0.0 0.059492040927367
1255 0.3531132605752831 0.0 0.05951533004580111
1256 0.3542428465754903 0.0 0.05953824889585146
1257 0.3553724400184562 0.0 0.05956079793585697
1258 0.3565020407740447 0.0 0.0595829776241831
1259 0.3576316487126134 0.0 0.05960478841922314
1260 0.3587612637049336 0.0 0.05962623077939585
1261 0.3598908856222479 0.0 0.05964730516314577
1262 0.3610205143362168 0.0 0.05966801202894146
1263 0.3621501497190125 0.0 0.05968835183527643
1264 0.3632797916431785 0.0 0.0597083250406658
1265 0.3644094399817742 0.0 0.05972793210364813
1266 0.3655390946082699 0.0 0.05974717348278277
1267 0.3666687553965886 0.0 0.05976604963664989
1268 0.367798422221097 0.0 0.05978456102384946
1269 0.3689280949566349 0.0 0.05980270810300106
1270 0.3700577734784524 0.0 0.05982049133274204
1271 0.3711874576622604 0.0 0.05983791117172763
1272 0.3723171473842058 0.0 0.05985496807862978
1273 0.3734468425209048 0.0 0.05987166251213689
1274 0.3745765429493669 0.0 0.05988799493095202
1275 0.3757062485470994 0.0 0.05990396579379355
1276 0.3768359591920059 0.0 0.05991957555939312
1277 0.3779656747624598 0.0 0.0599348246864959
1278 0.3790953951372835 0.0 0.05994971363385947
1279 0.3802251201957004 0.0 0.0599642428602526
1280 0.3813548497968423 0.0 0.05997841282420072
1281 0.3824845838619751 0.0 0.05999222398501
1282 0.3836143222511037 0.0 0.06000567680121894
1283 0.3847440648452282 0.0 0.06001877173163593
1284 0.3858738115257999 0.0 0.06003150923507752
1285 0.3870035621746696 0.0 0.0600438897703672
1286 0.3881333166741588 0.0 0.06005591379633556
1287 0.3892630749070209 0.0 0.06006758177181894
1288 0.3903928367564318 0.0 0.06007889415565889
1289 0.3915226021059926 0.0 0.06008985140670139
1290 0.3926523708397714 0.0 0.06010045398379661
1291 0.3937821428422588 0.0 0.06011070234579777
1292 0.3949119179983545 0.0 0.06012059695156034
1293 0.3960416961934077 0.0 0.06013013825994182
1294 0.39717147731319 0.0 0.06013932672980075
1295 0.3983012612439323 0.0 0.06014816281999628
1296 0.3994310478722519 0.0 0.06015664698938715
1297 0.4005608370852444 0.0 0.06016477969683152
1298 0.4016906287703851 0.0 0.06017256140118564
1299 0.4028204228156013 0.0 0.06017999256130385
1300 0.4039502191092633 0.0 0.06018707363603765
1301 0.4050800175401588 0.0 0.06019380508423505
1302 0.406209817997464 0.0 0.06020018736473969
1303 0.4073396203708313 0.0 0.06020622093639074
1304 0.4084694245503347 0.0 0.06021190625802195
1305 0.4095992304264596 0.0 0.06021724378846095
1306 0.410729037890076 0.0 0.06022223398652848
1307 0.4118588468325707 0.0 0.0602268773110385
1308 0.4129886571456655 0.0 0.06023117422079658
1309 0.4141184687215555 0.0 0.06023512517460002
1310 0.4152482814528163 0.0 0.06023873063123678
1311 0.4163780952325065 0.0 0.06024199104948532
1312 0.4175079099540751 0.0 0.06024490688811355
1313 0.4186377255113288 0.0 0.06024747860587828
1314 0.4197675395587196 0.0 0.06024970665744826
1315 0.4208973602949855 0.0 0.0602515914963815
1316 0.4220271761429563 0.0 0.06025313306126868
1317 0.4231569939922565 0.0 0.06025433082603769
1318 0.4242868121540615 0.0 0.06025518422820468
1319 0.4254166305237723 0.0 0.06025569270767198
1320 0.4265464489961287 0.0 0.06025585570432573
1321 0.4276762674653951 0.0 0.06025567265803673
1322 0.4288060858253228 0.0 0.06025514300866118
1323 0.4299359039691661 0.0 0.06025426619604134
1324 0.4310657217896133 0.0 0.06025304166000638
1325 0.4321955391788935 0.0 0.06025146884037298
1326 0.4333253560286598 0.0 0.06024954717694625
1327 0.4344551722301127 0.0 0.06024727610952024
1328 0.4355849876738724 0.0 0.060244655077879
1329 0.4367148022500685 0.0 0.06024168352179711
1330 0.4378446158483024 0.0 0.06023836088104056
1331 0.438974428357659 0.0 0.06023468659536746
1332 0.4401042396666788 0.0 0.06023066010452893
1333 0.441234049663407 0.0 0.06022628084826974
1334 0.4423638582353365 0.0 0.06022154826632927
1335 0.4434936652694713 0.0 0.06021646179844205
1336 0.4446234706522357 0.0 0.06021102088433897
1337 0.4457532742695658 0.0 0.06020522496374767
1338 0.4468830760068654 0.0 0.06019907347639355
1339 0.448012875748992 0.0 0.06019256586200068
1340 0.4491426733802743 0.0 0.06018570156029245
1341 0.4502724687845334 0.0 0.06017848001099242
1342 0.4514022618450308 0.0 0.06017090065382532
1343 0.4525320524445089 0.0 0.06016296292851771
1344 0.4536618404651718 0.0 0.06015466627479892
1345 0.4547916257886905 0.0 0.06014601013240188
1346 0.4559214082962051 0.0 0.06013699394106393
1347 0.4570511878683104 0.0 0.06012761714052785
1348 0.4581809643850555 0.0 0.06011787917054263
1349 0.4593107377259845 0.0 0.0601077794708641
1350 0.4604405077403039 0.0 0.06009731748153674
1351 0.4615702743660166 0.0 0.06008649264178179
1352 0.4627000374512655 0.0 0.06007530439165257
1353 0.4638297968734012 0.0 0.06006375217094236
1354 0.4649595525092582 0.0 0.06005183541945565
1355 0.466089304235101 0.0 0.06003955357700972
1356 0.4672190519266599 0.0 0.06002690608343511
1357 0.4683487954591354 0.0 0.0600138923785764
1358 0.469478534707151 0.0 0.06000051190229387
1359 0.4706082695448022 0.0 0.05998676409446363
1360 0.4717379998456472 0.0 0.0599726483949788
1361 0.4728677254826781 0.0 0.05995816424375072
1362 0.4739974463283311 0.0 0.0599433110807099
1363 0.4751271622545207 0.0 0.05992808834580626
1364 0.4762568731325874 0.0 0.0599124954790111
1365 0.4773865788333241 0.0 0.05989653192031746
1366 0.4785162792269809 0.0 0.05988019710974101
1367 0.4796459741832316 0.0 0.05986349048732174
1368 0.4807756635712332 0.0 0.05984641149312375
1369 0.4819053472595504 0.0 0.05982895956723763
1370 0.4830350251162056 0.0 0.05981113414978045
1371 0.4841646970086748 0.0 0.05979293468089702
1372 0.4852943628038637 0.0 0.05977436060076103
1373 0.4864240223681158 0.0 0.05975541134957621
1374 0.4875536755672358 0.0 0.05973608636757671
1375 0.4886833222664396 0.0 0.05971638509502902
1376 0.4898129623304041 0.0 0.05969630697223228
1377 0.4909425956232414 0.0 0.05967585143951948
1378 0.4920722220084839 0.0 0.059655017937259
1379 0.4932018413491293 0.0 0.05963380590585467
1380 0.4943314568358204 0.0 0.05961221472157371
1381 0.4954610604989427 0.0 0.05959024397517555
1382 0.4965906569341074 0.0 0.05956789301725174
1383 0.497720246023466 0.0 0.05954516128769412
1384 0.4988498276491704 0.0 0.05952204822639454
1385 0.499979402616784 0.0 0.0594985532423238
1386 0.501108970860505 0.0 0.05947467546534813
1387 0.5022385258050014 0.0 0.05945041385165345
1388 0.5033680754226975 0.0 0.05942576703105244
1389 0.5044976165442975 0.0 0.05940073387103547
1390 0.505627149010685 0.0 0.05937531317490624
1391 0.506756672661497 0.0 0.05934950374595327
1392 0.5078861873351045 0.0 0.05932330438745212
1393 0.5090156928686571 0.0 0.05929671390266614
1394 0.5101451890980355 0.0 0.05926973109484948
1395 0.5112746758579007 0.0 0.05924235476724782
1396 0.5124041529816384 0.0 0.05921458372310151
1397 0.5135336203013845 0.0 0.05918641676564688
1398 0.5146630776479987 0.0 0.05915785269811898
1399 0.5157925248510852 0.0 0.05912889032375286
1400 0.5169219617389764 0.0 0.05909952844578611
1401 0.5180513881387181 0.0 0.05906976586746124
1402 0.5191808038760924 0.0 0.05903960139202712
1403 0.5203102087755933 0.0 0.05900903382274178
1404 0.5214396026604304 0.0 0.05897806196287432
1405 0.5225689853525162 0.0 0.0589466846157075
1406 0.5236983566724756 0.0 0.05891490058453958
1407 0.5248277164396367 0.0 0.0588827086726868
1408 0.5259570644720224 0.0 0.05885010768348586
1409 0.5270864005863463 0.0 0.05881709642029626
1410 0.5282157245980192 0.0 0.05878367368650241
1411 0.5293450363211387 0.0 0.05874983828551622
1412 0.5304743355684776 0.0 0.05871558902077984
1413 0.5316036221514983 0.0 0.05868092469576752
1414 0.5327328958803264 0.0 0.05864584411398885
1415 0.5338621565637726 0.0 0.0586103460789905
1416 0.5349914040093036 0.0 0.0585744293943596
1417 0.5361206380230527 0.0 0.0585380928637258
1418 0.5372498584098143 0.0 0.05850133529076407
1419 0.5383790648644239 0.0 0.05846415548279392
1420 0.5395082574063921 0.0 0.05842655223643063
1421 0.5406374357278092 0.0 0.05838852435905834
1422 0.5417665996280654 0.0 0.05835007065456017
1423 0.5428957489052054 0.0 0.05831118992687766
1424 0.5440248833559006 0.0 0.05827188098001437
1425 0.5451540027754644 0.0 0.05823214261803823
1426 0.5462831069578309 0.0 0.05819197364508475
1427 0.5474121956955696 0.0 0.05815137286535953
1428 0.5485412687798699 0.0 0.05811033908314147
1429 0.5496703260005371 0.0 0.0580688711027857
1430 0.5507993671459952 0.0 0.05802696772872647
1431 0.5519283920032723 0.0 0.05798462776548052
1432 0.5530574003580147 0.0 0.0579418500176494
1433 0.5541863919944638 0.0 0.05789863328992335
1434 0.5553153666954641 0.0 0.05785497638708408
1435 0.556444324242452 0.0 0.05781087811400792
1436 0.5575732644154658 0.0 0.05776633727566872
1437 0.5587021869931227 0.0 0.05772135267714178
1438 0.5598310917526306 0.0 0.05767592312360636
1439 0.560959978469773 0.0 0.05763004742034951
1440 0.5620888469189178 0.0 0.05758372437276889
1441 0.5632177000442861 0.0 0.05753695265434852
1442 0.5643465289927246 0.0 0.05748973142942732
1443 0.56547533927245 0.0 0.0574420592668165
1444 0.5666041306916368 0.0 0.05739393497036151
1445 0.5677329030584605 0.0 0.0573453573439078
1446 0.5688616611700408 0.0 0.05729632497357685
1447 0.569990395305126 0.0 0.05724683707688819
1448 0.5711191093154556 0.0 0.05719689228345669
1449 0.572247802962443 0.0 0.05714648939983104
1450 0.5733764723932563 0.0 0.05709562739624898
1451 0.574505126417576 0.0 0.05704430467055725
1452 0.575633759237588 0.0 0.0569925202780811
1453 0.5767623691556193 0.0 0.05694027298589933
1454 0.5778909581255178 0.0 0.05688756119182253
1455 0.5790195258212478 0.0 0.05683438337574206
1456 0.5801480719167734 0.0 0.05678073801754931
1457 0.5812765895605672 0.0 0.05672662391140491
1458 0.582405088692589 0.0 0.05667203904668515
1459 0.583533564891205 0.0 0.05661698209927493
1460 0.5846620178835489 0.0 0.05656145154689843
1461 0.5857904473948136 0.0 0.05650544586728956
1462 0.5869188531482638 0.0 0.05644896353819477
1463 0.5880472348652117 0.0 0.05639200303737762
1464 0.5891755922650136 0.0 0.05633456284262253
1465 0.5903039250650717 0.0 0.05627664143173813
1466 0.5914322329808195 0.0 0.05621823728256163
1467 0.5925605157257283 0.0 0.05615934887296214
1468 0.5936887730112834 0.0 0.05609997468084559
1469 0.5948170045469907 0.0 0.05604011318415811
1470 0.595945210040362 0.0 0.05597976286089063
1471 0.5970733891969169 0.0 0.05591892218908265
1472 0.5982015417201707 0.0 0.05585758964682676
1473 0.5993296673116316 0.0 0.05579576371227284
1474 0.6004577656707872 0.0 0.05573344286363272
1475 0.6015858364951118 0.0 0.0556706255791839
1476 0.6027138794800407 0.0 0.05560731033727511
1477 0.603841894318987 0.0 0.05554349561632962
1478 0.6049698807033194 0.0 0.05547917989485061
1479 0.6060978383223575 0.0 0.05541436165142583
1480 0.6072257667993147 0.0 0.05534903936845612
1481 0.6083536659476754 0.0 0.05528321151728318
1482 0.6094815353864843 0.0 0.05521687658047408
1483 0.610609374796815 0.0 0.05515003303700166
1484 0.6117371838576688 0.0 0.05508267936594683
1485 0.6128649622459668 0.0 0.05501481404650407
1486 0.6139927096365363 0.0 0.0549464355579865
1487 0.6151204257021073 0.0 0.05487754237983116
1488 0.6162481101133158 0.0 0.05480813299160358
1489 0.617375762538688 0.0 0.05473820587300344
1490 0.6185033826446364 0.0 0.05466775950386998
1491 0.6196309700954524 0.0 0.05459679236418718
1492 0.6207585245533049 0.0 0.05452530293408924
1493 0.6218860456782325 0.0 0.05445328969386579
1494 0.6230135331281298 0.0 0.05438075112396818
1495 0.6241409865587557 0.0 0.05430768570501415
1496 0.6252684056237113 0.0 0.05423409191779443
1497 0.6263957899744486 0.0 0.05415996824327753
1498 0.6275231392602587 0.0 0.05408531316261601
1499 0.6286504531282555 0.0 0.0540101251571529
1500 0.6297777312233908 0.0 0.05393440270842639
1501 0.6309049731884263 0.0 0.05385814429817699
1502 0.6320321786639475 0.0 0.05378134840835253
1503 0.6331593472883378 0.0 0.05370401352111543
1504 0.6342864786977946 0.0 0.05362613811884744
1505 0.6354135725262966 0.0 0.0535477206841577
1506 0.6365406310417888 0.0 0.05346875951455884
1507 0.6376676439609139 0.0 0.05338925383608202
1508 0.6387946249142197 0.0 0.05330920216002115
1509 0.639921565007585 0.0 0.0532286055218842
1510 0.6410484660168727 0.0 0.05314746424113349
1511 0.6421753277109319 0.0 0.05306577877932153
1512 0.6433021498592686 0.0 0.05298354959796873
1513 0.6444289322320316 0.0 0.05290077715856287
1514 0.6455556746000031 0.0 0.05281746192255819
1515 0.6466823767346117 0.0 0.05273360435137296
1516 0.6478090384079153 0.0 0.05264920490638902
1517 0.6489356593926286 0.0 0.05256426404894825
1518 0.650062239462083 0.0 0.05247878224035407
1519 0.6511887783902578 0.0 0.05239275994186737
1520 0.6523152759517676 0.0 0.05230619761470615
1521 0.6534417319218602 0.0 0.05221909572004395
1522 0.6545681460764161 0.0 0.05213145471900836
1523 0.6556945181919536 0.0 0.05204327507267929
1524 0.6568208480456175 0.0 0.05195455724208807
1525 0.6579471354151923 0.0 0.05186530168821506
1526 0.6590733800790851 0.0 0.05177550887198942
1527 0.6601995818163405 0.0 0.05168517925428641
1528 0.661325740406626 0.0 0.05159431329592715
1529 0.6624518556302409 0.0 0.05150291145767621
1530 0.6635779272681139 0.0 0.05141097420024058
1531 0.6647039551017961 0.0 0.05131850198426844
1532 0.6658299389134698 0.0 0.05122549527034727
1533 0.6669558784859378 0.0 0.05113195451900295
1534 0.6680817736026303 0.0 0.05103788019069803
1535 0.6692076240475998 0.0 0.05094327274583038
1536 0.6703334295962144 0.0 0.05084813264552068
1537 0.6714591900524016 0.0 0.05075246034845891
1538 0.6725849051927719 0.0 0.05065625631562519
1539 0.6737105748038636 0.0 0.05055952100714486
1540 0.674836198672836 0.0 0.05046225488307192
1541 0.6759617765874655 0.0 0.05036445840338723
1542 0.6770873083361468 0.0 0.05026613202799754
1543 0.6782127937078927 0.0 0.05016727621673387
1544 0.6793382324923297 0.0 0.05006789142935041
1545 0.6804636244797023 0.0 0.04996797812552282
1546 0.6815889694608673 0.0 0.04986753676484727
1547 0.682714267227295 0.0 0.04976656780683904
1548 0.6838395175710714 0.0 0.04966507171093082
1549 0.6849647202848895 0.0 0.04956304893647199
1550 0.6860898751620581 0.0 0.04946049994272676
1551 0.6872149819964948 0.0 0.04935742518887311
1552 0.6883400405827228 0.0 0.04925382513400183
1553 0.6894650507158788 0.0 0.04914970023711441
1554 0.690590012191705 0.0 0.04904505095712251
1555 0.6917149248065498 0.0 0.04893987775284628
1556 0.6928397883573688 0.0 0.04883418108301316
1557 0.693964598636611 0.0 0.04872796178541053
1558 0.6950893647454722 0.0 0.04862121943915274
1559 0.6962140809943907 0.0 0.04851395501994355
1560 0.6973387471606426 0.0 0.0484061689885182
1561 0.6984633630215044 0.0 0.04829786180561196
1562 0.6995879283542517 0.0 0.04818903393196006
1563 0.700712442936161 0.0 0.04807968582829776
1564 0.701836906544509 0.0 0.04796981795536034
1565 0.7029613190230504 0.0 0.04785943080000608
1566 0.7040856803086339 0.0 0.04774852585616376
1567 0.7052099904036907 0.0 0.04763710580121852
1568 0.7063342493989218 0.0 0.04752517337154658
1569 0.7074584573850289 0.0 0.04741273130352417
1570 0.7085826202085732 0.0 0.04729978175390494
1571 0.709706727920209 0.0 0.04718632846684518
1572 0.710830784910713 0.0 0.04707237374764026
1573 0.7119547912331292 0.0 0.0469579203364987
1574 0.7130787469441224 0.0 0.04684297097332502
1575 0.7142026521039615 0.0 0.04672752839771264
1576 0.7153265067764968 0.0 0.04661159534893757
1577 0.716450311029142 0.0 0.04649517456595154
1578 0.7175740649328475 0.0 0.04637826878737653
1579 0.7186977685620876 0.0 0.04626088075149781
1580 0.7198214219948309 0.0 0.04614301319625912
1581 0.7209450253125277 0.0 0.04602466885925591
1582 0.7220685786000857 0.0 0.04590585047773044
1583 0.7231920819458498 0.0 0.04578656078856624
1584 0.7243155354132548 0.0 0.04566680253130856
1585 0.7254389391542629 0.0 0.04554657843605281
1586 0.7265622932390404 0.0 0.04542589124159393
1587 0.7276855977694798 0.0 0.04530474368333013
1588 0.7288088528508082 0.0 0.04518313849627693
1589 0.7299320585915698 0.0 0.0450610784150622
1590 0.7310552151036039 0.0 0.04493856617392254
1591 0.7321783225020227 0.0 0.04481560450669923
1592 0.7333013809051933 0.0 0.04469219614683423
1593 0.7344243904347166 0.0 0.04456834382736665
1594 0.7355473512154053 0.0 0.04444405028092951
1595 0.7366702633752656 0.0 0.04431931823974587
1596 0.7377931229844085 0.0 0.04419415088911587
1597 0.7389159395398615 0.0 0.04406854991602215
1598 0.740038707716535 0.0 0.04394251865948811
1599 0.74116142760513 0.0 0.04381605985588995
1600 0.7422840992963482 0.0 0.04368917624160389
1601 0.7434067228808914 0.0 0.04356187055300614
1602 0.744529298536868 0.0 0.04343414552424875
1603 0.7456518265580898 0.0 0.04330600438331071
1604 0.7467743071315387 0.0 0.04317745118220283
1605 0.7478967406406736 0.0 0.04304849002353844
1606 0.7490191274689528 0.0 0.04291912500993084
1607 0.7501414679998354 0.0 0.04278936024399332
1608 0.7512637676082996 0.0 0.04265919924855195
1609 0.7523860180032268 0.0 0.0425286471315947
1610 0.753508223258603 0.0 0.04239770756838197
1611 0.7546303837194848 0.0 0.04226638466603441
1612 0.7557524997351279 0.0 0.04213468253123163
1613 0.7568745716589387 0.0 0.04200260527020944
1614 0.7579965998484324 0.0 0.04187015698875658
1615 0.7591185846651818 0.0 0.04173734179221294
1616 0.7602405264747758 0.0 0.04160416378546684
1617 0.7613624256467719 0.0 0.04147062707295365
1618 0.7624842825546507 0.0 0.04133673575865392
1619 0.7636060975757706 0.0 0.04120249394609233
1620 0.7647278710456656 0.0 0.04106790574382162
1621 0.765849603440929 0.0 0.04093297524345998
1622 0.7669712951045289 0.0 0.04079770655264162
1623 0.7680929464288877 0.0 0.04066210377305987
1624 0.7692145578100827 0.0 0.04052617100595007
1625 0.7703361296477989 0.0 0.04038991235208984
1626 0.7714576623452832 0.0 0.04025333191180017
1627 0.7725791563093015 0.0 0.04011643378494605
1628 0.7737006119500903 0.0 0.03997922207093825
1629 0.7748220296813136 0.0 0.0398417008687347
1630 0.7759434099200168 0.0 0.03970387427684224
1631 0.7770647485145781 0.0 0.03956574695711954
1632 0.7781860562346155 0.0 0.03942732173225915
1633 0.7793073276271821 0.0 0.03928860342301486
1634 0.7804285630757365 0.0 0.03914959613199993
1635 0.7815497629637378 0.0 0.0390103039618277
1636 0.7826709276746441 0.0 0.03887073101511146
1637 0.7837920573929303 0.0 0.03873088153124145
1638 0.7849131528627191 0.0 0.03859076116907668
1639 0.786034215044672 0.0 0.03845037661864419
1640 0.787155244775454 0.0 0.03830973460800969
1641 0.7882762428917305 0.0 0.03816884186523885
1642 0.7893972102301672 0.0 0.03802770511839741
1643 0.7905181529819765 0.0 0.03788633041966398
1644 0.791639062397393 0.0 0.03774472570583444
1645 0.7927599435154072 0.0 0.03760289717545832
1646 0.7938807971437355 0.0 0.03746085156031052
1647 0.7950016240940022 0.0 0.03731859559169018
1648 0.7961224251816169 0.0 0.03717613600043104
1649 0.7972432012256531 0.0 0.03703347951691204
1650 0.7983639530487263 0.0 0.03689063287106848
1651 0.7994846814768715 0.0 0.03674760279240361
1652 0.8006053873394223 0.0 0.03660439601000077
1653 0.8017260713764476 0.0 0.03646101926436914
1654 0.8028467346087482 0.0 0.0363174792600906
1655 0.8039673777824948 0.0 0.03617378273686951
1656 0.8050880017390131 0.0 0.03602993642223511
1657 0.8062086073223296 0.0 0.03588594704336136
1658 0.8073291953790497 0.0 0.03574182132708138
1659 0.8084497667582347 0.0 0.03559756599990187
1660 0.8095703223112817 0.0 0.03545318778801831
1661 0.8106908628918026 0.0 0.0353086934173299
1662 0.8118113893555002 0.0 0.03516408961345528
1663 0.812931902560051 0.0 0.03501938310174821
1664 0.8140524033649793 0.0 0.03487458060731354
1665 0.8151728886605438 0.0 0.03472968936867019
1666 0.8162933683304096 0.0 0.03458471494384473
1667 0.817413838139068 0.0 0.03443966471659122
1668 0.8185342989231841 0.0 0.03429454541497536
1669 0.8196547515194234 0.0 0.03414936376706286
1670 0.8207751968754612 0.0 0.03400412585004536
1671 0.8218956351789801 0.0 0.03385883444299372
1672 0.8230160666303755 0.0 0.03371349119488649
1673 0.8241364914497217 0.0 0.03356809775140022
1674 0.8252569098570928 0.0 0.03342265575821148
1675 0.8263773220725634 0.0 0.03327716686099683
1676 0.8274977283162075 0.0 0.03313163270543282
1677 0.8286181288080996 0.0 0.03298605493719601
1678 0.8297385237683139 0.0 0.03284043520196297
1679 0.8308589134169251 0.0 0.03269477514541025
1680 0.831979297974007 0.0 0.0325490764132144
1681 0.8330996776596344 0.0 0.03240334065105201
1682 0.8342200526938813 0.0 0.0322575695045996
1683 0.8353404232968221 0.0 0.03211176461953377
1684 0.8364607896885312 0.0 0.03196592764153104
1685 0.8375811520890829 0.0 0.03182006021626801
1686 0.8387015107185513 0.0 0.03167416398942119
1687 0.8398218657970113 0.0 0.03152824060666719
1688 0.8409422175445364 0.0 0.03138229171368254
1689 0.8420625661812017 0.0 0.03123631895614381
1690 0.8431829119270807 0.0 0.03109032397972755
1691 0.8443032550022485 0.0 0.03094430843011032
1692 0.845423595626779 0.0 0.03079827395296869
1693 0.8465439340207469 0.0 0.0306522221939792
1694 0.8476642704042262 0.0 0.03050615479881844
1695 0.8487846049972911 0.0 0.03036007341316295
1696 0.8499049380200164 0.0 0.03021397968268929
1697 0.8510252696924754 0.0 0.030067875253074
1698 0.8521456002347436 0.0 0.02992176176999368
1699 0.853265929866895 0.0 0.02977564087912486
1700 0.8543862588090037 0.0 0.02962951422614412
1701 0.855506587281144 0.0 0.029483383456728
1702 0.855506587281144 0.0 0.02857736256889
1703 0.8543831076971824 0.0 0.02866368617647118
1704 0.8532595366760195 0.0 0.0287487850923987
1705 0.8521358730241808 0.0 0.02883263601557137
1706 0.8510121155481913 0.0 0.02891521564488798
1707 0.8498882630545759 0.0 0.02899650067924736
1708 0.8487643143498598 0.0 0.02907646781754831
1709 0.8476402682405678 0.0 0.02915509375868963
1710 0.8465161319871167 0.0 0.02923235383294491
1711 0.8453918990323059 0.0 0.02930821987826335
1712 0.8442675694552542 0.0 0.02938266170554276
1713 0.8431431443730217 0.0 0.02945564905209322
1714 0.8420186249026705 0.0 0.02952715165522487
1715 0.8408940121612615 0.0 0.02959713925224782
1716 0.8397693012498265 0.0 0.02966558210966389
1717 0.8386445013063003 0.0 0.02973245335954975
1718 0.8375196041950104 0.0 0.02979773082761899
1719 0.8363946144432767 0.0 0.02986139173572238
1720 0.8352695331371744 0.0 0.02992341351543221
1721 0.834144358989662 0.0 0.0299837737266668
1722 0.8330191028052679 0.0 0.03004244929656722
1723 0.831893752241062 0.0 0.03009941836856416
1724 0.8307683175634251 0.0 0.03015465791463242
1725 0.829642798262858 0.0 0.03020814547052829
1726 0.8285171960355688 0.0 0.03025985846597599
1727 0.827391514335834 0.0 0.03030977426169592
1728 0.8262657500475806 0.0 0.03035786880707281
1729 0.8251399096193828 0.0 0.03040410634887213
1730 0.8240139928865342 0.0 0.03044844682639509
1731 0.8228880015372179 0.0 0.03049085007471497
1732 0.8217619374659538 0.0 0.03053127591077393
1733 0.8206358027780433 0.0 0.03056968413453329
1734 0.8195095997940118 0.0 0.03060603453028219
1735 0.8183833310540498 0.0 0.03064028686810846
1736 0.8172569993224499 0.0 0.03067240090553455
1737 0.8161306075920397 0.0 0.03070233638932248
1738 0.8150041594658622 0.0 0.03073005304854429
1739 0.8138776576492605 0.0 0.03075551063319468
1740 0.8127511062230722 0.0 0.03077866886066995
1741 0.8116245091380219 0.0 0.03079948745620664
1742 0.8104978705951666 0.0 0.03081792614595121
1743 0.809371195050265 0.0 0.03083394465984409
1744 0.8082444872181307 0.0 0.03084750273469525
1745 0.8071177520769672 0.0 0.03085856011745458
1746 0.8059909984421079 0.0 0.03086707654576835
1747 0.8048642211231795 0.0 0.03087301186620689
1748 0.8037374407917085 0.0 0.03087632580165799
1749 0.8026106474460605 0.0 0.0308769765165652
1750 0.801483860010848 0.0 0.03087490004577808
1751 0.8003570812595313 0.0 0.03087001703066797
1752 0.7992303187299928 0.0 0.03086224775386368
1753 0.7981035805734941 0.0 0.03085151246514099
1754 0.7969768755721982 0.0 0.03083773138729434
1755 0.7958502131566381 0.0 0.03082082472295072
1756 0.7947236034231242 0.0 0.03080071266235226
1757 0.7935970571510664 0.0 0.03077731539213362
1758 0.7924705863671483 0.0 0.03075055311894502
1759 0.7913442021598847 0.0 0.03072034602627381
1760 0.7902179180113549 0.0 0.03068661436507737
1761 0.7890917476026442 0.0 0.03064927841596626
1762 0.787965705382093 0.0 0.03060825851560221
1763 0.7868398065818278 0.0 0.03056347507196975
1764 0.7857140672340883 0.0 0.03051484858081705
1765 0.7845885041873428 0.0 0.03046229964328954
1766 0.7834631351391369 0.0 0.03040574865717205
1767 0.7823379801756802 0.0 0.03034508798283899
1768 0.7812130634113901 0.0 0.03028016059568988
1769 0.78008841106793 0.0 0.03021080443324968
1770 0.7789640513018443 0.0 0.03013685742106086
1771 0.7778400142769579 0.0 0.03005815750629256
1772 0.7767163322360059 0.0 0.02997454269745908
1773 0.7755930395687768 0.0 0.02988585111026148
1774 0.7744701728717753 0.0 0.02979192101926755
1775 0.7733477710396572 0.0 0.02969259091905783
1776 0.772225875321764 0.0 0.02958769958979863
1777 0.7711045293853189 0.0 0.0294770861705182
1778 0.7699837793792081 0.0 0.02936059023992776
1779 0.76886367399569 0.0 0.02923805190477746
1780 0.7677442659074538 0.0 0.02910930010367742
1781 0.766625623705174 0.0 0.02897405682663704
1782 0.7655078281820212 0.0 0.0288319867917374
1783 0.7643909665027776 0.0 0.0286827544235933
1784 0.7632751324561726 0.0 0.02852602458163519
1785 0.7621604267562954 0.0 0.02836146278766767
1786 0.7610469573115017 0.0 0.02818873549378528
1787 0.759934839553712 0.0 0.02800751040711289
1788 0.7588241966887261 0.0 0.02781745685314687
1789 0.7577151587114247 0.0 0.02761824596344031
1790 0.7566078694030508 0.0 0.02740955237615475
1791 0.7555024841256979 0.0 0.02719098718334241
1792 0.7543992217253976 0.0 0.02696195263590809
1793 0.7532983247896723 0.0 0.02672180846031788
1794 0.752200056659638 0.0 0.02646991717004907
1795 0.751104699827667 0.0 0.02620564456731231
1796 0.7500125806211168 0.0 0.02592832238609456
1797 0.748924065686055 0.0 0.02563716438957852
1798 0.747839571621713 0.0 0.02533137528762852
1799 0.7467595438610065 0.0 0.02501017089215076
1800 0.745684467718782 0.0 0.02467276780572297
1801 0.744614977177137 0.0 0.02431806394329222
1802 0.7435518800252844 0.0 0.02394464198649407
1803 0.7424960723295444 0.0 0.02355108926436028
1804 0.7414485393360177 0.0 0.02313602063495901
1805 0.7404103594491724 0.0 0.02269809021283954
1806 0.7393827191049163 0.0 0.02223597764384844
1807 0.7383672063621606 0.0 0.02174780511191787
1808 0.7373658904089246 0.0 0.02123115409597298
1809 0.7363810981156329 0.0 0.02068368046010465
1810 0.7354154099971784 0.0 0.02010318961754048
1811 0.7344716604999132 0.0 0.01948769125371504
1812 0.7335533684881943 0.0 0.01883484809649699
1813 0.7326652552490575 0.0 0.0181415418675708
1814 0.7318127879660996 0.0 0.01740488429622339
1815 0.7310021065690518 0.0 0.01662251657345684
1816 0.730239911711232 0.0 0.01579287859970594
1817 0.7295332761741986 0.0 0.014915474496658
1818 0.7288900078081502 0.0 0.01399065211239537
1819 0.7283187224034738 0.0 0.013019759639438
1820 0.7278274398368166 0.0 0.01200606170300791
1821 0.7274225840478121 0.0 0.01095488314490611
1822 0.7271106409413522 0.0 0.009872513137355337
1823 0.726887895063236 0.0 0.008768216665701559
1824 0.7267570705401749 0.0 0.007649636160664884
1825 0.7267210262051387 0.0 0.006523468514864754
1826 0.7266941193025032 0.0 0.005397000406301582
1827 0.7266695356805207 0.0 0.004270479156991884
1828 0.7266469964505554 0.0 0.003143915116611591
1829 0.7266262230032109 0.0 0.002017317105448038
1830 0.7266069369522469 0.0 0.0008906929073807127
1831 0.7265888600479644 0.0 -0.0002359516626551135
1832 0.7265717141335788 0.0 -0.001362610817350431
1833 0.7265552210474073 0.0 -0.002489279739203766
1834 0.7265391405732065 0.0 -0.003615954616428131
1835 0.7265374623283483 0.0 -0.004742691593059943
1836 0.7266018839278894 0.0 -0.005867273066041713
1837 0.7268020595218546 0.0 -0.006974933625163082
1838 0.7272425045208946 0.0 -0.008007744918240476
1839 0.7279849013024202 0.0 -0.008848699289636771
1840 0.7289303258909101 0.0 -0.009457600160005249
1841 0.7299629711589287 0.0 -0.009906869360639524
1842 0.7310323918841717 0.0 -0.01026120659946848
1843 0.7321176921840304 0.0 -0.01056392077707938
1844 0.7332114778582709 0.0 -0.01083453036854804
1845 0.7343099317650769 0.0 -0.01108560353400622
1846 0.7354095398278939 0.0 -0.01133160551819508
1847 0.7342928435326392 0.0 -0.01149616722306469
1848 0.733176142194822 0.0 -0.01166069573989804
1849 0.7320594350639477 0.0 -0.0118251858029084
1850 0.7309427238806248 0.0 -0.01198963177952499
1851 0.7298260037915206 0.0 -0.01215402900821211
1852 0.7287092757161878 0.0 -0.01231837197723947
1853 0.7275925388828289 0.0 -0.01248265542397618
1854 0.7264757925208536 0.0 -0.01264687408561029
1855 0.7253590358604025 0.0 -0.01281102269921817
1856 0.7242422681330155 0.0 -0.0129750960016657
1857 0.7231254885708518 0.0 -0.01313908872972221
1858 0.7220086964072716 0.0 -0.01330299561997462
1859 0.7208918908770882 0.0 -0.01346681140879023
1860 0.7197750712161496 0.0 -0.0136305308323777
1861 0.7186582366617564 0.0 -0.01379414862672583
1862 0.7175413864526708 0.0 -0.01395765952760224
1863 0.71642451982924 0.0 -0.0141210582705355
1864 0.7153076360331849 0.0 -0.01428433959084639
1865 0.7141907343082058 0.0 -0.01444749822355978
1866 0.7130738138994557 0.0 -0.01461052890348224
1867 0.7119568740539973 0.0 -0.01477342636513611
1868 0.710839914242479 0.0 -0.01493618531047322
1869 0.7097229332718129 0.0 -0.01509880053814488
1870 0.7086059306165408 0.0 -0.01526126674950043
1871 0.7074889055317813 0.0 -0.01542357867787597
1872 0.706371857274725 0.0 -0.0155857310563067
1873 0.7052547851049635 0.0 -0.0157477186174806
1874 0.7041376882841707 0.0 -0.01590953609378753
1875 0.7030205660766196 0.0 -0.01607117821724594
1876 0.7019034177489225 0.0 -0.01623263971954389
1877 0.7007862425703861 0.0 -0.01639391533198975
1878 0.6996690398127757 0.0 -0.01655499978555022
1879 0.6985518087508338 0.0 -0.01671588781077816
1880 0.6974345486616353 0.0 -0.01687657413790955
1881 0.6963172571789256 0.0 -0.01703705373307953
1882 0.6951999378494019 0.0 -0.0171973207135912
1883 0.6940825872099875 0.0 -0.01735737020353198
1884 0.6929652045101871 0.0 -0.01751719693711515
1885 0.6918477889995053 0.0 -0.01767679564855399
1886 0.6907303399274473 0.0 -0.01783616107206186
1887 0.6896128565435181 0.0 -0.01799528794185198
1888 0.6884953380972221 0.0 -0.01815417099213772
1889 0.6873777838383426 0.0 -0.01831280495709731
1890 0.6862601930746369 0.0 -0.01847118474314129
1891 0.6851425684082593 0.0 -0.01862930545088657
1892 0.684024905184426 0.0 -0.01878716335886682
1893 0.6829072042407078 0.0 -0.01894475396786225
1894 0.6817894650357645 0.0 -0.01910207297384883
1895 0.6806716870324264 0.0 -0.01925911607215954
1896 0.6795538696960801 0.0 -0.01941587895771343
1897 0.6784360124961131 0.0 -0.0195723573248146
1898 0.6773181149042754 0.0 -0.01972854686738397
1899 0.6762001763962582 0.0 -0.01988444327874062
1900 0.6750821964509637 0.0 -0.02004004225170667
1901 0.6739641745506744 0.0 -0.02019533947858636
1902 0.6728461101812298 0.0 -0.02035033065114483
1903 0.6717280028317627 0.0 -0.02050501146064798
1904 0.6706098519954643 0.0 -0.02065937759776038
1905 0.6694916571685723 0.0 -0.02081342475268915
1906 0.668373417851399 0.0 -0.02096714861504615
1907 0.6672551335477922 0.0 -0.02112054487392715
1908 0.6661368037655002 0.0 -0.02127360921786625
1909 0.6650184280160907 0.0 -0.0214263373348525
1910 0.663900005814744 0.0 -0.02157872491236321
1911 0.6627815368386826 0.0 -0.02173076761585796
1912 0.6616630202953867 0.0 -0.02188246117461889
1913 0.660544455869798 0.0 -0.02203380125299477
1914 0.6594258430932459 0.0 -0.02218478353624529
1915 0.6583071815013135 0.0 -0.02233540370906323
1916 0.6571884706336796 0.0 -0.02248565745560333
1917 0.6560697100342333 0.0 -0.02263554045947436
1918 0.6549508992512812 0.0 -0.02278504840371939
1919 0.6538320378371866 0.0 -0.02293417697087242
1920 0.6527131253490217 0.0 -0.02308292184287975
1921 0.6515941613479364 0.0 -0.02323127870119351
1922 0.6504751453998537 0.0 -0.02337924322668792
1923 0.6493560770750928 0.0 -0.02352681109971977
1924 0.6482369559485488 0.0 -0.02367397800011405
1925 0.6471177815998914 0.0 -0.02382073960714862
1926 0.6459985536131537 0.0 -0.02396709159961873
1927 0.6448792715775409 0.0 -0.02411302965574235
1928 0.6437599350867474 0.0 -0.02425854945326097
1929 0.6426405413090704 0.0 -0.024403646983947
1930 0.6415210961128223 0.0 -0.02454831711327315
1931 0.6404015947501701 0.0 -0.02469255608236947
1932 0.6392820367427925 0.0 -0.02483635957812319
1933 0.6381624219126559 0.0 -0.02497972327154366
1934 0.6370427499504978 0.0 -0.02512264337195724
1935 0.635923020411437 0.0 -0.02526511662886752
1936 0.6348032366151901 0.0 -0.02540713933748837
1937 0.6336833936505578 0.0 -0.0255487088375953
1938 0.6325634930467114 0.0 -0.02568982165091732
1939 0.6314435345840126 0.0 -0.02583047452122287
1940 0.6303235180464725 0.0 -0.0259706641917013
1941 0.629203443222506 0.0 -0.02611038740487432
1942 0.6280833099042271 0.0 -0.02624964090269095
1943 0.6269631178879206 0.0 -0.02638842142647502
1944 0.6258428669740658 0.0 -0.02652672571692937
1945 0.6247225569670793 0.0 -0.02666455051417493
1946 0.6236021876756176 0.0 -0.02680189255772065
1947 0.62248175891245 0.0 -0.02693874858648682
1948 0.6213612704946692 0.0 -0.02707511533878723
1949 0.6202407222435066 0.0 -0.02721098955235998
1950 0.6191201139844181 0.0 -0.0273463679643652
1951 0.6179994455472657 0.0 -0.02748124731137192
1952 0.6168787167660916 0.0 -0.02761562432939408
1953 0.6157579274794351 0.0 -0.02774949575386164
1954 0.6146370776076713 0.0 -0.02788285831044623
1955 0.6135161668427055 0.0 -0.02801570875195589
1956 0.6123951951138024 0.0 -0.02814804380291885
1957 0.6112741622770916 0.0 -0.02827986019657363
1958 0.6101530681932462 0.0 -0.02841115466561899
1959 0.6090319127273742 0.0 -0.02854192394223759
1960 0.6079106957492525 0.0 -0.02867216475807944
1961 0.6067894171331764 0.0 -0.02880187384429088
1962 0.6056680767580596 0.0 -0.0289310479315144
1963 0.6045466745074165 0.0 -0.02905968374990218
1964 0.6034252102694997 0.0 -0.02918777802911275
1965 0.6023036839372526 0.0 -0.02931532749832851
1966 0.6011820954083962 0.0 -0.02944232888625856
1967 0.6000604445852222 0.0 -0.0295687789211749
1968 0.5989387313750754 0.0 -0.02969467433087112
1969 0.5978169556899101 0.0 -0.02982001184272579
1970 0.5966951174465019 0.0 -0.02994478818369225
1971 0.595573216566827 0.0 -0.03006900008027054
1972 0.5944512529773135 0.0 -0.03019264425860467
1973 0.5933292266095765 0.0 -0.03031571744441573
1974 0.5922071355170239 0.0 -0.03043821656813856
1975 0.5910849860026578 0.0 -0.03056013766778239
1976 0.5899627703363733 0.0 -0.03068147929085637
1977 0.5888404928130866 0.0 -0.0308022407857747
1978 0.5877181530314038 0.0 -0.03092242228363053
1979 0.5865957513002515 0.0 -0.03104202383848355
1980 0.5854732879285335 0.0 -0.03116104550435264
1981 0.5843507632247587 0.0 -0.03127948733525522
1982 0.5832281774973995 0.0 -0.03139734938516855
1983 0.5821055310549657 0.0 -0.03151463170802207
1984 0.5809828242056938 0.0 -0.03163133435772964
1985 0.5798600572576174 0.0 -0.03174745738818176
1986 0.5787372305186519 0.0 -0.03186300085323618
1987 0.5776143442967326 0.0 -0.03197796480670365
1988 0.5764913988995642 0.0 -0.03209234930237338
1989 0.5753683946345932 0.0 -0.03220615439401533
1990 0.5742453318093118 0.0 -0.03231938013534896
1991 0.573122210731023 0.0 -0.03243202658006686
1992 0.5719990317068663 0.0 -0.03254409378183175
1993 0.5708757950438696 0.0 -0.03265558179427099
1994 0.5697525010489446 0.0 -0.03276649067097668
1995 0.5686291526562656 0.0 -0.03287682020814145
1996 0.5675057432600026 0.0 -0.03298657113690329
1997 0.5663822774479436 0.0 -0.03309574308914747
1998 0.5652587555494789 0.0 -0.03320433611610542
1999 0.5641351818274654 0.0 -0.0333123498918908
2000 0.5630115502780544 0.0 -0.03341978507777106
2001 0.5618878635411596 0.0 -0.03352664150211699
2002 0.5607641219226704 0.0 -0.03363291921823695
2003 0.5596403257282544 0.0 -0.03373861827941124
2004 0.5585164752634887 0.0 -0.03384373873887939
2005 0.5573925708338386 0.0 -0.03394828064984207
2006 0.5562686127446305 0.0 -0.03405224406546305
2007 0.5551446013010403 0.0 -0.03415562903887019
2008 0.5540205368080681 0.0 -0.03425843562315728
2009 0.5528964195706332 0.0 -0.03436066387137492
2010 0.5517722498935862 0.0 -0.03446231383652942
2011 0.5506480280815869 0.0 -0.03456338557159348
2012 0.5495237544393298 0.0 -0.03466387912948558
2013 0.5483994292709141 0.0 -0.0347637945631261
2014 0.547275052880841 0.0 -0.03486313192534773
2015 0.5461506255729855 0.0 -0.03496189126898677
2016 0.545026146107171 0.0 -0.03506007278124272
2017 0.5439016190188113 0.0 -0.0351576761555444
2018 0.542777040363478 0.0 -0.03525470202764904
2019 0.5416524124943245 0.0 -0.03535115068526808
2020 0.5405277357114273 0.0 -0.03544702260312238
2021 0.539403010314862 0.0 -0.03554231825593289
2022 0.5382782366047049 0.0 -0.03563703811842048
2023 0.537153414881032 0.0 -0.03573118266530607
2024 0.5360285411138344 0.0 -0.03582475273038543
2025 0.5349036224421821 0.0 -0.03591774821809097
2026 0.5337786564761463 0.0 -0.03601016982732094
2027 0.5326536435489687 0.0 -0.03610201802982103
2028 0.5315285839931185 0.0 -0.03619329329746794
2029 0.5304034781403228 0.0 -0.03628399610226474
2030 0.5292783263215861 0.0 -0.03637412691633731
2031 0.5281531288671629 0.0 -0.03646368621193445
2032 0.5270278861065248 0.0 -0.03655267446142846
2033 0.5259025983684547 0.0 -0.03664109213730559
2034 0.5247772659808463 0.0 -0.03672893971217977
2035 0.5236518892709834 0.0 -0.03681621765876862
2036 0.5225264685653754 0.0 -0.03690292644990432
2037 0.5214010041897439 0.0 -0.03698906655853268
2038 0.5202754964713655 0.0 -0.03707463845753338
2039 0.5191499457299659 0.0 -0.03715964262040912
2040 0.5180243522912482 0.0 -0.03724407952025515
2041 0.5168987164780786 0.0 -0.03732794963042869
2042 0.5157730386123685 0.0 -0.03741125342440279
2043 0.5146473190154965 0.0 -0.037493991375733
2044 0.5135215580079233 0.0 -0.03757616395808391
2045 0.5123957559094321 0.0 -0.03765777164520935
2046 0.511269913039105 0.0 -0.03773881491095221
2047 0.5101440297152432 0.0 -0.03781929422924846
2048 0.5090181062553741 0.0 -0.03789921007412442
2049 0.5078921429764073 0.0 -0.03797856291968379
2050 0.5067661401943773 0.0 -0.03805735324012409
2051 0.5056400982246063 0.0 -0.03813558150972297
2052 0.5045140173817139 0.0 -0.03821324820283577
2053 0.503387897979663 0.0 -0.0382903537938905
2054 0.502261740331465 0.0 -0.03836689875740622
2055 0.5011355447496345 0.0 -0.03844288356795982
2056 0.500009311545845 0.0 -0.03851830870020796
2057 0.4988830410308562 0.0 -0.0385931746288895
2058 0.497756733515145 0.0 -0.03866748182878179
2059 0.4966303899314312 0.0 -0.03874123073137813
2060 0.4955040109295225 0.0 -0.0388144216109024
2061 0.4943775919880073 0.0 -0.03888705479203135
2062 0.4932511394310876 0.0 -0.03895912987329833
2063 0.4921246513119913 0.0 -0.03903064698824929
2064 0.4909981279075168 0.0 -0.03910160612643875
2065 0.4898715694943669 0.0 -0.03917200727736794
2066 0.4887449790138503 0.0 -0.03924185026594884
2067 0.4876183502381204 0.0 -0.03931113548393692
2068 0.4864916870065237 0.0 -0.03937986269848993
2069 0.4853649896255878 0.0 -0.03944803189666109
2070 0.4842382619872873 0.0 -0.03951564285124463
2071 0.4831114993348526 0.0 -0.03958269585469562
2072 0.4819847036111272 0.0 -0.03964919079570711
2073 0.4808578750928207 0.0 -0.03971512766330575
2074 0.4797310140566274 0.0 -0.03978050644645976
2075 0.478604120779228 0.0 -0.03984532713407887
2076 0.4774771955373125 0.0 -0.0399095897150129
2077 0.4763502386075247 0.0 -0.03997329417805501
2078 0.4752232502665489 0.0 -0.04003644051193669
2079 0.4740962307910032 0.0 -0.04009902870533376
2080 0.4729691804575785 0.0 -0.04016105874685869
2081 0.4718420995436121 0.0 -0.04022253062502959
2082 0.4707149883242105 0.0 -0.0402834443284265
2083 0.469587847076724 0.0 -0.04034379984544766
2084 0.4684606760777966 0.0 -0.04040359716447047
2085 0.4673334756040097 0.0 -0.04046283627381643
2086 0.4662062459319471 0.0 -0.04052151716174739
2087 0.4650789873381792 0.0 -0.04057963981646649
2088 0.4639517000993018 0.0 -0.04063720422611611
2089 0.4628243844918666 0.0 -0.04069421037878152
2090 0.4616970407924404 0.0 -0.04075065826248768
2091 0.4605696692775673 0.0 -0.04080654786520124
2092 0.4594422702238057 0.0 -0.04086187917482876
2093 0.458314843907716 0.0 -0.04091665217921717
2094 0.4571873906058194 0.0 -0.04097086686615591
2095 0.4560599105946664 0.0 -0.04102452322337352
2096 0.4549324041507907 0.0 -0.04107762123853982
2097 0.4538048715506848 0.0 -0.04113016089926712
2098 0.4526773130708731 0.0 -0.0411821421931068
2099 0.4515497289879392 0.0 -0.04123356510754789
2100 0.4504221195783474 0.0 -0.04128442963002561
2101 0.4492944851187229 0.0 -0.04133473574790834
2102 0.4481668244943889 0.0 -0.04138448350953861
2103 0.4470391431368097 0.0 -0.04143367274334765
2104 0.445911437084633 0.0 -0.04148230416831306
2105 0.4447837024276951 0.0 -0.04153037870074475
2106 0.4436559470398114 0.0 -0.04157789675596779
2107 0.442528168378147 0.0 -0.04162485919555001
2108 0.4414003667472479 0.0 -0.0416712667590666
2109 0.4402725424507306 0.0 -0.0417171201862234
2110 0.4391446957909921 0.0 -0.04176242021686588
2111 0.4380168270693366 0.0 -0.04180716759097088
2112 0.4368889365860362 0.0 -0.04185136304864118
2113 0.4357610246402047 0.0 -0.04189500733010766
2114 0.4346330915298611 0.0 -0.04193810117572366
2115 0.4335051375519556 0.0 -0.04198064532596112
2116 0.4323771630023175 0.0 -0.04202264052140959
2117 0.431249168175715 0.0 -0.04206408750277113
2118 0.4301211533657848 0.0 -0.04210498701085991
2119 0.4289931188651024 0.0 -0.04214533978659679
2120 0.4278650649651364 0.0 -0.04218514657100811
2121 0.426736991956284 0.0 -0.04222440810522153
2122 0.4256089001278499 0.0 -0.04226312513046392
2123 0.4244807897680514 0.0 -0.04230129838805838
2124 0.4233526611640207 0.0 -0.04233892861942133
2125 0.4222245146018228 0.0 -0.04237601656605908
2126 0.4210963503664165 0.0 -0.04241256296956633
2127 0.4199681687417142 0.0 -0.04244856857162149
2128 0.4188399700105234 0.0 -0.04248403411398575
2129 0.4177117544545913 0.0 -0.04251896033849896
2130 0.4165835223545944 0.0 -0.04255334798707718
2131 0.4154552739901292 0.0 -0.04258719780171029
2132 0.4143270096397118 0.0 -0.0426205105244593
2133 0.4131987295808081 0.0 -0.04265328689745272
2134 0.4120704340898032 0.0 -0.04268552766288482
2135 0.4109421234420228 0.0 -0.04271723356301235
2136 0.4098137979117235 0.0 -0.04274840534015217
2137 0.4086854577721002 0.0 -0.04277904373667841
2138 0.407557103295286 0.0 -0.04280914949501986
2139 0.4064287347523546 0.0 -0.04283872335765734
2140 0.4053003524133151 0.0 -0.04286776606712119
2141 0.4041719565471329 0.0 -0.04289627836598817
2142 0.4030435474217034 0.0 -0.04292426099687964
2143 0.4019151253038734 0.0 -0.04295171470245841
2144 0.4007866904594423 0.0 -0.0429786402254262
2145 0.3996582431531473 0.0 -0.04300503830852152
2146 0.3985297836486933 0.0 -0.04303090969451641
2147 0.3974013123939556 0.0 -0.04305625512209751
2148 0.3962728292799579 0.0 -0.04308107534242046
2149 0.3951443347524791 0.0 -0.04310537109414091
2150 0.3940158290710277 0.0 -0.04312914312014184
2151 0.3928873124940723 0.0 -0.04315239216332767
2152 0.3917587852790512 0.0 -0.04317511896662175
2153 0.3906302476823494 0.0 -0.04319732427296428
2154 0.3895016999593305 0.0 -0.04321900882530939
2155 0.3883731423643086 0.0 -0.04324017336662329
2156 0.3872445751505725 0.0 -0.04326081863988149
2157 0.3861159985703783 0.0 -0.04328094538806649
2158 0.3849874128749511 0.0 -0.04330055435416554
2159 0.3838588183144777 0.0 -0.04331964628116838
2160 0.3827302151381408 0.0 -0.04333822191206434
2161 0.381601603594068 0.0 -0.04335628198984102
2162 0.3804729839293892 0.0 -0.04337382725748094
2163 0.3793443563901969 0.0 -0.04339085845795999
2164 0.3782157212215637 0.0 -0.04340737633424487
2165 0.3770870786675499 0.0 -0.0434233816292908
2166 0.3759584289712004 0.0 -0.04343887508603935
2167 0.374829772374525 0.0 -0.04345385744741641
2168 0.3737011091185443 0.0 -0.04346832945632949
2169 0.372572439443251 0.0 -0.043482291855666
2170 0.371443763587634 0.0 -0.0434957453882908
2171 0.370315081789665 0.0 -0.0435086907970442
2172 0.3691863942863205 0.0 -0.04352112882473957
2173 0.3680577013135644 0.0 -0.04353306021416146
2174 0.3669290031063525 0.0 -0.04354448570806334
2175 0.3658002998986421 0.0 -0.0435554060491655
2176 0.3646715919233937 0.0 -0.04356582198015294
2177 0.3635428794125596 0.0 -0.04357573424367336
2178 0.3624141625971093 0.0 -0.04358514358233493
2179 0.3612854417069954 0.0 -0.04359405073870453
2180 0.3601567169712036 0.0 -0.04360245645530527
2181 0.3590279886176964 0.0 -0.04361036147461501
2182 0.3578992568734786 0.0 -0.04361776653906379
2183 0.3567705219645305 0.0 -0.04362467239103234
2184 0.3556417841158768 0.0 -0.04363107977284966
2185 0.3545130435515386 0.0 -0.04363698942679134
2186 0.3533843004945561 0.0 -0.04364240209507753
2187 0.3522555551669831 0.0 -0.04364731851987093
2188 0.3511268077899297 0.0 -0.04365173944327485
2189 0.3499980585834656 0.0 -0.04365566560733152
2190 0.3488693077667172 0.0 -0.04365909775401997
2191 0.3477405559811006 0.0 -0.04366203662424452
2192 0.3466118021738911 0.0 -0.04366448288354526
2193 0.3454830478301831 0.0 -0.04366643678739753
2194 0.3443542927418279 0.0 -0.04366789846707851
2195 0.3432255371234539 0.0 -0.04366886805283031
2196 0.3420967811897114 0.0 -0.04366934567492096
2197 0.3409680251550009 0.0 -0.0436693314636444
2198 0.3398392692335706 0.0 -0.04366882554931995
2199 0.3387105136394997 0.0 -0.04366782806229196
2200 0.3375817585866996 0.0 -0.0436663391329294
2201 0.3364530042889007 0.0 -0.0436643588916255
2202 0.3353242509596824 0.0 -0.04366188746879737
2203 0.334195498812433 0.0 -0.04365892499488555
2204 0.3330667480603904 0.0 -0.04365547160035373
2205 0.3319379989166097 0.0 -0.04365152741568826
2206 0.3308092515939742 0.0 -0.04364709257139779
2207 0.3296805063052149 0.0 -0.043642167198013
2208 0.3285517632628748 0.0 -0.04363675142608604
2209 0.3274230226793445 0.0 -0.0436308453861903
2210 0.3262942847668292 0.0 -0.04362444920891989
2211 0.3251655497373806 0.0 -0.04361756302488941
2212 0.3240368178028707 0.0 -0.04361018696473346
2213 0.3229080891750083 0.0 -0.04360232115910628
2214 0.321779364065333 0.0 -0.04359396573868143
2215 0.3206506426852169 0.0 -0.04358512083415136
2216 0.3195219252458612 0.0 -0.04357578657622699
2217 0.3183932119583034 0.0 -0.04356596309563747
2218 0.3172645030334076 0.0 -0.04355565052312964
2219 0.3161357986818766 0.0 -0.04354484898946782
2220 0.3150070991142401 0.0 -0.04353355862543327
2221 0.313878404540864 0.0 -0.04352177956182399
2222 0.3127497151719451 0.0 -0.04350951192945415
2223 0.3116210312175144 0.0 -0.04349675585915393
2224 0.310492352887434 0.0 -0.04348351148176897
2225 0.3093636803914012 0.0 -0.04346977892816011
2226 0.3082350139389464 0.0 -0.04345555832920299
2227 0.3071063537394297 0.0 -0.04344084981578761
2228 0.3059777000020506 0.0 -0.04342565351881811
2229 0.3048490529358387 0.0 -0.04340996956921226
2230 0.30372041069028 0.0 -0.04339379806794903
2231 0.3025917800786665 0.0 -0.04337713924221563
2232 0.3014631567526022 0.0 -0.04335999315864407
2233 0.3003345355574564 0.0 -0.04334235986323969
2234 0.2992059249901275 0.0 -0.0433242396148904
